0.46, 0.00
0.46, 0.00
0.46, 0.00
0.46, 0.00
0.45, 0.00
0.43, 0.00
0.40, 0.00
0.34, 0.00
0.28, 0.00
0.17, 0.00
-0.12, 0.01
-0.24, 0.01
-0.40, 0.01
-0.52, 0.01
-0.67, 0.01
-1.14, 0.02
-1.26, 0.02
-1.37, 0.02
-1.49, 0.02
-1.56, 0.02
-1.65, 0.02
-2.05, 0.03
-2.14, 0.03
-2.26, 0.03
-2.37, 0.03
-2.46, 0.03
-2.35, 0.04
-2.30, 0.04
-2.23, 0.04
-2.11, 0.04
-2.06, 0.04
-1.96, 0.04
-1.61, 0.06
-1.51, 0.06
-1.37, 0.06
-1.23, 0.06
-1.14, 0.06
-1.01, 0.06
-0.69, 0.07
-0.56, 0.07
-0.37, 0.07
-0.18, 0.07
-0.04, 0.07
0.16, 0.07
0.82, 0.08
1.04, 0.08
1.23, 0.08
1.42, 0.08
1.78, 0.09
1.89, 0.09
2.00, 0.09
2.11, 0.09
2.26, 0.10
2.24, 0.10
2.31, 0.10
2.23, 0.11
2.18, 0.11
2.16, 0.11
2.01, 0.12
1.88, 0.12
1.80, 0.12
1.67, 0.13
1.48, 0.13
1.35, 0.13
1.16, 0.14
1.04, 0.14
0.88, 0.14
0.80, 0.16
0.62, 0.16
0.47, 0.16
0.09, 0.17
-0.07, 0.17
-0.17, 0.17
-0.44, 0.18
-0.61, 0.18
-0.75, 0.18
-1.16, 0.19
-1.28, 0.19
-1.41, 0.19
-1.48, 0.20
-1.53, 0.20
-1.46, 0.20
-1.46, 0.21
-1.42, 0.21
-1.43, 0.21
-1.40, 0.22
-1.37, 0.22
-1.33, 0.22
-1.16, 0.23
-1.15, 0.23
-1.19, 0.23
-1.13, 0.24
-1.15, 0.24
-1.12, 0.24
-0.91, 0.26
-0.86, 0.26
-0.81, 0.26
-0.78, 0.27
-0.72, 0.27
-0.66, 0.27
-0.47, 0.28
-0.41, 0.28
-0.29, 0.28
-0.18, 0.29
-0.09, 0.29
0.06, 0.29
0.36, 0.30
0.40, 0.30
0.41, 0.30
0.89, 0.31
0.99, 0.31
1.13, 0.31
1.40, 0.32
1.53, 0.32
1.67, 0.32
1.87, 0.33
1.96, 0.33
2.05, 0.33
2.08, 0.34
2.16, 0.34
2.21, 0.34
2.28, 0.36
2.31, 0.36
2.30, 0.36
2.26, 0.37
2.21, 0.37
2.08, 0.37
1.95, 0.37
1.79, 0.37
1.68, 0.37
1.48, 0.38
1.19, 0.38
1.07, 0.38
0.93, 0.39
0.78, 0.39
0.66, 0.39
0.30, 0.40
0.18, 0.40
0.07, 0.40
-0.11, 0.41
-0.19, 0.41
-0.36, 0.41
-0.55, 0.42
-0.72, 0.42
-0.90, 0.42
-1.12, 0.43
-1.23, 0.43
-1.31, 0.43
-1.41, 0.44
-1.42, 0.44
-1.50, 0.44
-1.62, 0.46
-1.71, 0.46
-1.90, 0.46
-1.86, 0.47
-1.85, 0.47
-1.90, 0.47
-1.88, 0.48
-1.87, 0.48
-1.83, 0.48
-1.76, 0.49
-1.61, 0.49
-1.40, 0.49
-0.96, 0.50
-0.84, 0.50
-0.71, 0.50
-0.53, 0.51
-0.38, 0.51
-0.17, 0.51
0.22, 0.52
0.46, 0.52
0.53, 0.52
0.63, 0.53
0.70, 0.53
0.79, 0.53
0.75, 0.54
0.74, 0.54
0.75, 0.54
0.65, 0.56
0.68, 0.56
0.59, 0.56
0.48, 0.57
0.47, 0.57
0.38, 0.57
0.32, 0.58
0.18, 0.58
0.12, 0.58
0.02, 0.59
-0.11, 0.59
-0.13, 0.59
-0.34, 0.60
-0.47, 0.60
-0.48, 0.60
-0.65, 0.61
-0.67, 0.61
-0.80, 0.61
-0.85, 0.62
-0.90, 0.62
-0.91, 0.62
-0.71, 0.63
-0.71, 0.63
-0.73, 0.63
-0.68, 0.64
-0.67, 0.64
-0.63, 0.64
-0.61, 0.66
-0.57, 0.66
-0.47, 0.66
-0.52, 0.67
-0.38, 0.67
-0.37, 0.67
-0.24, 0.68
-0.20, 0.68
-0.18, 0.68
0.02, 0.69
0.06, 0.69
0.04, 0.69
0.13, 0.70
0.08, 0.70
0.23, 0.70
0.19, 0.71
0.26, 0.71
0.35, 0.71
0.44, 0.72
0.48, 0.72
0.43, 0.72
0.47, 0.73
0.49, 0.73
0.35, 0.73
0.29, 0.74
0.13, 0.74
0.08, 0.74
0.01, 0.76
-0.09, 0.76
-0.08, 0.76
-0.22, 0.77
-0.29, 0.77
-0.33, 0.77
-0.56, 0.78
-0.56, 0.78
-0.54, 0.78
-0.60, 0.79
-0.59, 0.79
-0.59, 0.79
-0.56, 0.80
-0.55, 0.80
-0.53, 0.80
-0.42, 0.81
-0.43, 0.81
-0.38, 0.81
-0.48, 0.82
-0.42, 0.82
-0.27, 0.82
-0.13, 0.83
0.03, 0.83
0.03, 0.83
0.22, 0.84
0.25, 0.84
0.20, 0.84
0.04, 0.86
-0.04, 0.86
-0.10, 0.86
-0.19, 0.87
-0.26, 0.87
-0.27, 0.87
-0.45, 0.88
-0.51, 0.88
-0.53, 0.88
-0.64, 0.89
-0.53, 0.89
-0.58, 0.89
-0.51, 0.90
-0.46, 0.90
-0.50, 0.90
-0.25, 0.91
-0.22, 0.91
-0.21, 0.91
-0.16, 0.92
-0.16, 0.92
-0.01, 0.92
0.04, 0.93
0.10, 0.93
0.26, 0.93
0.40, 0.94
0.52, 0.94
0.63, 0.94
0.72, 0.96
0.77, 0.96
0.80, 0.96
0.85, 0.97
0.81, 0.97
0.77, 0.97
0.66, 0.98
0.54, 0.98
0.47, 0.98
0.32, 0.99
0.28, 0.99
0.23, 0.99
0.07, 1.00
0.03, 1.00
-0.01, 1.00
-0.08, 1.01
-0.15, 1.01
-0.18, 1.01
-0.18, 1.02
-0.27, 1.02
-0.26, 1.02
-0.32, 1.03
-0.29, 1.03
-0.30, 1.03
-0.24, 1.04
-0.22, 1.04
-0.22, 1.04
-0.16, 1.06
-0.11, 1.06
-0.06, 1.06
0.18, 1.07
0.21, 1.07
0.28, 1.07
0.42, 1.08
0.55, 1.08
0.62, 1.08
0.71, 1.09
0.85, 1.09
0.91, 1.09
1.03, 1.10
1.07, 1.10
1.20, 1.10
1.41, 1.11
1.58, 1.11
1.66, 1.11
2.06, 1.12
2.14, 1.12
2.21, 1.12
2.36, 1.12
2.51, 1.13
2.61, 1.13
2.79, 1.13
3.32, 1.14
3.44, 1.14
3.55, 1.14
3.82, 1.14
4.05, 1.16
4.20, 1.16
4.43, 1.16
4.57, 1.16
4.96, 1.17
5.11, 1.17
5.34, 1.17
5.47, 1.17
5.89, 1.18
6.07, 1.18
6.24, 1.18
6.47, 1.18
6.98, 1.19
7.16, 1.19
7.44, 1.19
7.61, 1.19
8.17, 1.20
8.37, 1.20
8.61, 1.20
8.79, 1.20
9.38, 1.21
9.53, 1.21
9.80, 1.21
10.00, 1.21
10.83, 1.22
11.01, 1.22
11.29, 1.22
11.54, 1.22
12.27, 1.23
12.43, 1.23
12.71, 1.23
12.93, 1.23
13.18, 1.23
14.05, 1.24
14.26, 1.24
14.48, 1.24
14.80, 1.24
15.02, 1.24
16.35, 1.26
16.67, 1.26
16.93, 1.26
17.22, 1.26
17.97, 1.27
18.18, 1.27
18.46, 1.27
18.69, 1.27
18.96, 1.27
19.14, 1.27
20.09, 1.28
20.38, 1.28
20.60, 1.28
20.95, 1.28
21.16, 1.28
21.73, 1.29
21.95, 1.29
22.22, 1.29
22.45, 1.29
22.68, 1.29
23.05, 1.29
23.27, 1.29
24.22, 1.30
24.61, 1.30
24.85, 1.30
25.26, 1.30
25.52, 1.30
25.84, 1.30
26.12, 1.30
27.25, 1.31
27.50, 1.31
27.85, 1.31
28.13, 1.31
28.41, 1.31
28.65, 1.31
29.02, 1.31
29.96, 1.32
30.23, 1.32
30.46, 1.32
30.87, 1.32
31.11, 1.32
31.36, 1.32
31.63, 1.32
32.48, 1.33
32.77, 1.33
33.02, 1.33
33.24, 1.33
33.51, 1.33
33.70, 1.33
34.01, 1.33
34.70, 1.34
35.02, 1.34
35.24, 1.34
35.48, 1.34
35.72, 1.34
36.06, 1.34
36.29, 1.34
37.43, 1.36
37.67, 1.36
38.00, 1.36
38.28, 1.36
38.54, 1.36
38.93, 1.36
39.24, 1.36
40.36, 1.37
40.68, 1.37
41.13, 1.37
41.48, 1.37
41.90, 1.37
42.17, 1.37
42.49, 1.37
43.82, 1.38
44.14, 1.38
44.58, 1.38
44.92, 1.38
45.30, 1.38
45.75, 1.38
46.18, 1.38
47.63, 1.39
48.11, 1.39
48.45, 1.39
48.86, 1.39
49.21, 1.39
49.50, 1.39
49.89, 1.39
50.40, 1.39
51.62, 1.40
51.98, 1.40
52.29, 1.40
52.67, 1.40
52.93, 1.40
53.25, 1.40
53.69, 1.40
54.01, 1.40
54.44, 1.40
56.56, 1.41
56.98, 1.41
57.32, 1.41
57.83, 1.41
58.12, 1.41
58.47, 1.41
58.80, 1.41
59.37, 1.41
59.69, 1.41
60.09, 1.41
61.90, 1.42
62.25, 1.42
62.75, 1.42
63.12, 1.42
63.64, 1.42
64.05, 1.42
64.65, 1.42
65.03, 1.42
65.41, 1.42
65.89, 1.42
66.29, 1.42
68.59, 1.43
68.98, 1.43
69.69, 1.43
70.08, 1.43
70.68, 1.43
71.11, 1.43
71.58, 1.43
72.00, 1.43
72.52, 1.43
72.89, 1.43
73.25, 1.43
73.77, 1.43
74.19, 1.43
74.68, 1.43
76.51, 1.44
77.01, 1.44
77.41, 1.44
79.22, 1.46
79.81, 1.46
80.14, 1.46
80.82, 1.46
81.23, 1.46
81.77, 1.46
82.21, 1.46
82.60, 1.46
83.09, 1.46
83.48, 1.46
84.05, 1.46
84.49, 1.46
85.09, 1.46
88.62, 1.47
89.09, 1.47
89.35, 1.47
89.61, 1.47
90.38, 1.48
90.58, 1.48
90.90, 1.48
91.23, 1.49
91.31, 1.49
91.36, 1.49
91.40, 1.50
91.36, 1.50
91.33, 1.50
91.31, 1.51
91.28, 1.51
91.25, 1.51
91.16, 1.52
91.10, 1.52
90.87, 1.53
90.71, 1.53
90.63, 1.53
90.33, 1.54
90.26, 1.54
90.14, 1.54
89.95, 1.56
89.83, 1.56
89.54, 1.57
89.35, 1.57
89.20, 1.57
88.98, 1.58
88.80, 1.58
88.69, 1.58
88.41, 1.59
88.29, 1.59
88.06, 1.59
87.91, 1.60
87.75, 1.60
87.40, 1.61
87.29, 1.61
87.11, 1.61
86.88, 1.62
86.69, 1.62
86.59, 1.62
86.35, 1.63
86.19, 1.63
86.06, 1.63
85.89, 1.64
85.79, 1.64
85.68, 1.64
85.54, 1.66
85.46, 1.66
85.33, 1.66
85.08, 1.67
85.00, 1.67
84.93, 1.67
84.74, 1.68
84.63, 1.68
84.58, 1.68
84.39, 1.69
84.34, 1.69
84.28, 1.69
84.27, 1.70
84.28, 1.70
84.31, 1.70
84.46, 1.71
84.57, 1.71
84.69, 1.71
85.07, 1.72
85.21, 1.72
85.34, 1.72
85.53, 1.72
85.65, 1.73
85.81, 1.73
85.90, 1.73
85.96, 1.73
86.08, 1.74
86.11, 1.74
86.12, 1.74
86.18, 1.76
86.15, 1.76
86.10, 1.76
86.09, 1.76
86.03, 1.76
85.96, 1.76
85.76, 1.77
85.68, 1.77
85.62, 1.77
85.53, 1.77
85.40, 1.77
85.28, 1.77
85.09, 1.78
84.93, 1.78
84.83, 1.78
84.68, 1.79
84.55, 1.79
84.42, 1.79
84.27, 1.80
84.18, 1.80
84.13, 1.80
84.03, 1.81
84.03, 1.81
84.05, 1.81
84.06, 1.82
84.13, 1.82
84.19, 1.82
84.42, 1.83
84.56, 1.83
84.70, 1.83
85.14, 1.84
85.21, 1.84
85.33, 1.84
85.54, 1.86
85.65, 1.86
85.80, 1.86
85.98, 1.87
86.03, 1.87
86.02, 1.87
86.04, 1.88
85.99, 1.88
85.96, 1.88
85.88, 1.89
85.83, 1.89
85.78, 1.89
85.71, 1.90
85.67, 1.90
85.55, 1.91
85.54, 1.91
85.54, 1.91
85.46, 1.92
85.40, 1.92
85.19, 1.93
85.05, 1.93
84.91, 1.93
84.68, 1.94
84.56, 1.94
84.40, 1.94
84.29, 1.96
84.16, 1.96
84.10, 1.96
83.99, 1.97
83.95, 1.97
83.96, 1.97
83.96, 1.98
83.98, 1.98
84.02, 1.98
84.11, 1.99
84.17, 1.99
84.33, 1.99
84.56, 2.00
84.71, 2.00
84.80, 2.00
84.92, 2.00
85.14, 2.01
85.27, 2.01
85.39, 2.01
85.81, 2.02
85.97, 2.02
86.13, 2.02
86.41, 2.03
86.54, 2.03
86.59, 2.03
86.57, 2.04
86.57, 2.04
86.52, 2.04
86.45, 2.06
86.43, 2.06
86.29, 2.06
86.28, 2.07
86.14, 2.07
86.02, 2.07
85.83, 2.08
85.72, 2.08
85.67, 2.08
85.50, 2.09
85.37, 2.09
85.29, 2.09
85.19, 2.10
85.13, 2.10
85.04, 2.10
84.95, 2.11
84.89, 2.11
84.81, 2.11
84.65, 2.12
84.59, 2.12
84.56, 2.12
84.55, 2.13
84.55, 2.13
84.56, 2.13
84.61, 2.14
84.62, 2.14
84.67, 2.14
84.79, 2.16
84.86, 2.16
84.91, 2.16
85.11, 2.17
85.20, 2.17
85.35, 2.17
85.77, 2.18
85.88, 2.18
86.06, 2.18
86.17, 2.19
86.19, 2.19
86.17, 2.19
86.08, 2.20
86.07, 2.20
85.97, 2.20
85.90, 2.21
85.75, 2.21
85.61, 2.22
85.53, 2.22
85.44, 2.22
85.29, 2.23
85.20, 2.23
85.10, 2.23
84.99, 2.23
84.91, 2.23
84.84, 2.23
84.74, 2.24
84.72, 2.24
84.65, 2.24
84.45, 2.26
84.44, 2.26
84.40, 2.26
84.46, 2.27
84.50, 2.27
84.44, 2.27
84.52, 2.28
84.52, 2.28
84.56, 2.28
84.77, 2.29
84.84, 2.29
85.00, 2.29
85.35, 2.30
85.54, 2.30
85.66, 2.30
85.92, 2.31
86.09, 2.31
86.17, 2.31
86.27, 2.32
86.37, 2.32
86.38, 2.32
86.41, 2.33
86.35, 2.33
86.26, 2.34
86.24, 2.34
86.20, 2.34
86.08, 2.36
86.02, 2.36
85.95, 2.36
85.71, 2.37
85.60, 2.37
85.47, 2.37
85.25, 2.38
85.06, 2.38
84.94, 2.38
84.84, 2.39
84.63, 2.39
84.56, 2.39
84.39, 2.40
84.23, 2.40
84.18, 2.40
83.99, 2.41
83.96, 2.41
83.93, 2.41
83.94, 2.42
83.96, 2.42
83.99, 2.42
84.19, 2.43
84.28, 2.43
84.40, 2.43
84.63, 2.44
84.69, 2.44
84.78, 2.44
84.96, 2.46
85.10, 2.46
85.23, 2.46
85.64, 2.47
85.87, 2.47
85.96, 2.47
86.16, 2.48
86.21, 2.48
86.25, 2.48
86.28, 2.49
86.29, 2.49
86.24, 2.50
86.22, 2.50
86.09, 2.50
85.94, 2.51
85.83, 2.51
85.81, 2.51
85.69, 2.52
85.61, 2.52
85.55, 2.52
85.45, 2.53
85.40, 2.53
85.34, 2.53
85.20, 2.54
85.18, 2.54
85.07, 2.54
85.05, 2.56
85.00, 2.56
84.91, 2.56
84.86, 2.57
84.80, 2.57
84.77, 2.57
84.68, 2.58
84.64, 2.58
84.63, 2.58
84.59, 2.59
84.60, 2.59
84.58, 2.59
84.62, 2.60
84.69, 2.60
84.74, 2.60
85.00, 2.61
85.10, 2.61
85.25, 2.61
85.48, 2.62
85.60, 2.62
85.73, 2.62
85.83, 2.63
85.93, 2.63
85.97, 2.63
85.88, 2.64
85.85, 2.64
85.70, 2.64
85.64, 2.66
85.56, 2.66
85.40, 2.67
85.32, 2.67
85.27, 2.67
85.16, 2.68
85.02, 2.68
84.92, 2.68
84.81, 2.69
84.62, 2.69
84.54, 2.69
84.44, 2.70
84.37, 2.70
84.30, 2.70
84.23, 2.71
84.23, 2.71
84.18, 2.71
84.22, 2.72
84.22, 2.72
84.22, 2.72
84.29, 2.73
84.37, 2.73
84.48, 2.73
84.81, 2.74
84.94, 2.74
85.10, 2.74
85.38, 2.76
85.58, 2.76
85.72, 2.76
86.04, 2.77
86.14, 2.77
86.21, 2.77
86.26, 2.78
86.29, 2.78
86.30, 2.78
86.37, 2.79
86.34, 2.79
86.33, 2.79
86.33, 2.80
86.26, 2.80
86.27, 2.80
86.13, 2.81
86.05, 2.81
85.96, 2.81
85.86, 2.82
85.75, 2.82
85.64, 2.82
85.51, 2.83
85.34, 2.83
85.10, 2.84
85.00, 2.84
84.84, 2.84
84.65, 2.86
84.54, 2.86
84.43, 2.86
84.28, 2.87
84.18, 2.87
84.14, 2.87
83.98, 2.88
84.01, 2.88
84.00, 2.88
84.19, 2.89
84.22, 2.89
84.24, 2.89
84.36, 2.90
84.38, 2.90
84.45, 2.90
84.56, 2.91
84.67, 2.91
84.86, 2.91
85.24, 2.92
85.48, 2.92
85.58, 2.92
85.97, 2.93
86.09, 2.93
86.27, 2.93
86.43, 2.94
86.48, 2.94
86.45, 2.94
86.47, 2.96
86.42, 2.96
86.39, 2.96
86.30, 2.97
86.23, 2.97
86.13, 2.97
86.06, 2.98
86.00, 2.98
85.94, 2.98
85.85, 2.99
85.79, 2.99
85.74, 2.99
85.66, 3.00
85.58, 3.00
85.51, 3.00
85.44, 3.01
85.33, 3.01
85.28, 3.01
85.19, 3.02
85.11, 3.02
85.07, 3.02
84.96, 3.03
84.88, 3.03
84.74, 3.03
84.51, 3.04
84.36, 3.04
84.30, 3.04
84.15, 3.06
84.09, 3.06
84.03, 3.06
83.96, 3.07
83.93, 3.07
83.93, 3.07
84.00, 3.08
84.04, 3.08
84.14, 3.08
84.28, 3.09
84.36, 3.09
84.53, 3.09
84.75, 3.10
84.93, 3.10
85.00, 3.10
85.35, 3.11
85.49, 3.11
85.60, 3.11
85.79, 3.11
85.98, 3.12
86.19, 3.12
86.33, 3.12
86.51, 3.13
86.58, 3.13
86.65, 3.13
86.63, 3.14
86.61, 3.14
86.54, 3.14
86.46, 3.16
86.40, 3.16
86.31, 3.16
86.22, 3.17
86.15, 3.17
86.03, 3.17
85.95, 3.18
85.83, 3.18
85.77, 3.18
85.67, 3.19
85.53, 3.19
85.47, 3.19
85.31, 3.20
85.23, 3.20
85.12, 3.20
84.97, 3.21
84.87, 3.21
84.77, 3.21
84.65, 3.22
84.54, 3.22
84.46, 3.22
84.47, 3.23
84.46, 3.23
84.49, 3.23
84.48, 3.24
84.53, 3.24
84.59, 3.24
84.72, 3.26
84.84, 3.26
84.89, 3.26
85.13, 3.27
85.25, 3.27
85.38, 3.27
85.66, 3.28
85.79, 3.28
85.91, 3.28
86.08, 3.29
86.11, 3.29
86.13, 3.29
86.03, 3.30
85.99, 3.30
85.96, 3.30
85.83, 3.31
85.70, 3.31
85.53, 3.32
85.37, 3.32
85.25, 3.32
85.13, 3.33
85.00, 3.33
84.91, 3.33
84.73, 3.34
84.56, 3.34
84.32, 3.36
84.24, 3.36
84.20, 3.36
84.08, 3.37
84.11, 3.37
84.12, 3.37
84.21, 3.38
84.30, 3.38
84.37, 3.38
84.67, 3.39
84.79, 3.39
84.90, 3.39
85.15, 3.40
85.26, 3.40
85.38, 3.40
85.79, 3.41
85.91, 3.41
86.03, 3.41
86.21, 3.42
86.28, 3.42
86.31, 3.42
86.31, 3.43
86.30, 3.43
86.21, 3.43
86.18, 3.44
86.12, 3.44
86.09, 3.44
86.03, 3.46
85.95, 3.46
85.96, 3.46
85.85, 3.47
85.84, 3.47
85.83, 3.47
85.74, 3.48
85.69, 3.48
85.57, 3.48
85.51, 3.48
85.38, 3.48
85.23, 3.48
85.09, 3.49
84.92, 3.49
84.75, 3.49
84.59, 3.50
84.45, 3.50
84.37, 3.50
84.18, 3.51
84.08, 3.51
83.99, 3.51
83.80, 3.52
83.77, 3.52
83.70, 3.52
83.77, 3.53
83.80, 3.53
83.80, 3.53
84.01, 3.54
84.05, 3.54
84.17, 3.54
84.47, 3.56
84.70, 3.56
84.85, 3.56
85.18, 3.57
85.28, 3.57
85.47, 3.57
85.78, 3.58
85.89, 3.58
86.01, 3.58
86.27, 3.59
86.35, 3.59
86.34, 3.59
86.36, 3.60
86.30, 3.60
86.17, 3.60
86.09, 3.61
85.98, 3.61
85.88, 3.61
85.79, 3.62
85.71, 3.62
85.64, 3.62
85.52, 3.63
85.45, 3.63
85.40, 3.63
85.25, 3.64
85.21, 3.64
85.14, 3.64
85.07, 3.66
85.01, 3.66
84.97, 3.66
84.83, 3.67
84.76, 3.67
84.72, 3.67
84.59, 3.68
84.55, 3.68
84.53, 3.68
84.49, 3.69
84.51, 3.69
84.49, 3.69
84.58, 3.70
84.61, 3.70
84.61, 3.70
84.76, 3.71
84.82, 3.71
84.96, 3.71
85.17, 3.72
85.31, 3.72
85.51, 3.72
85.63, 3.72
85.82, 3.73
85.98, 3.73
86.08, 3.73
86.21, 3.74
86.28, 3.74
86.27, 3.74
86.17, 3.76
86.14, 3.76
85.94, 3.77
85.86, 3.77
85.63, 3.78
85.51, 3.78
85.45, 3.78
85.22, 3.79
85.11, 3.79
84.83, 3.80
84.75, 3.80
84.67, 3.80
84.55, 3.81
84.50, 3.81
84.43, 3.81
84.41, 3.82
84.41, 3.82
84.36, 3.82
84.44, 3.83
84.45, 3.83
84.48, 3.83
84.58, 3.84
84.62, 3.84
84.77, 3.84
84.89, 3.86
85.02, 3.86
85.12, 3.86
85.52, 3.87
85.69, 3.87
85.80, 3.87
86.01, 3.88
86.09, 3.88
86.16, 3.88
86.17, 3.89
86.17, 3.89
86.16, 3.89
86.12, 3.90
86.08, 3.90
86.06, 3.90
86.01, 3.91
85.97, 3.91
85.91, 3.91
85.73, 3.92
85.65, 3.92
85.52, 3.92
85.27, 3.93
85.13, 3.93
85.03, 3.93
84.87, 3.94
84.70, 3.94
84.58, 3.94
84.39, 3.96
84.24, 3.96
84.02, 3.97
83.94, 3.97
83.87, 3.97
83.87, 3.98
83.92, 3.98
83.92, 3.98
84.09, 3.99
84.19, 3.99
84.27, 3.99
84.58, 4.00
84.66, 4.00
84.80, 4.00
85.08, 4.01
85.18, 4.01
85.30, 4.01
85.59, 4.02
85.76, 4.02
85.90, 4.02
86.10, 4.02
86.41, 4.03
86.66, 4.03
86.82, 4.03
87.18, 4.04
87.33, 4.04
87.52, 4.04
87.67, 4.04
88.28, 4.06
88.46, 4.06
88.62, 4.06
89.14, 4.07
89.32, 4.07
89.44, 4.07
89.68, 4.07
90.01, 4.08
90.22, 4.08
90.37, 4.08
90.57, 4.08
90.99, 4.09
91.21, 4.09
91.43, 4.09
91.61, 4.09
92.03, 4.10
92.23, 4.10
92.41, 4.10
92.65, 4.10
93.22, 4.11
93.37, 4.11
93.61, 4.11
93.80, 4.11
94.45, 4.12
94.65, 4.12
94.94, 4.12
95.12, 4.12
95.83, 4.13
96.02, 4.13
96.29, 4.13
96.48, 4.13
97.22, 4.14
97.48, 4.14
97.66, 4.14
97.91, 4.14
98.17, 4.14
98.93, 4.16
99.26, 4.16
99.49, 4.16
99.83, 4.16
100.06, 4.16
100.77, 4.17
101.01, 4.17
101.38, 4.17
101.67, 4.17
102.01, 4.17
102.67, 4.18
103.07, 4.18
103.35, 4.18
103.67, 4.18
103.95, 4.18
104.33, 4.18
105.25, 4.19
105.58, 4.19
105.87, 4.19
106.20, 4.19
106.47, 4.19
107.50, 4.20
107.74, 4.20
108.17, 4.20
108.46, 4.20
108.80, 4.20
109.24, 4.20
110.21, 4.21
110.62, 4.21
110.91, 4.21
111.27, 4.21
111.58, 4.21
111.99, 4.21
113.37, 4.22
113.63, 4.22
113.98, 4.22
114.30, 4.22
114.71, 4.22
114.98, 4.22
115.94, 4.23
116.24, 4.23
116.69, 4.23
116.95, 4.23
117.49, 4.23
117.79, 4.23
118.15, 4.23
118.99, 4.24
119.44, 4.24
119.75, 4.24
120.13, 4.24
120.45, 4.24
120.86, 4.24
121.14, 4.24
122.21, 4.26
122.64, 4.26
122.95, 4.26
123.28, 4.26
123.57, 4.26
123.94, 4.26
124.26, 4.26
124.71, 4.26
125.87, 4.27
126.15, 4.27
126.49, 4.27
126.75, 4.27
127.13, 4.27
127.43, 4.27
127.91, 4.27
128.22, 4.27
128.62, 4.27
130.53, 4.28
130.86, 4.28
131.34, 4.28
131.61, 4.28
132.05, 4.28
132.36, 4.28
132.68, 4.28
133.02, 4.28
133.38, 4.28
135.05, 4.29
135.48, 4.29
135.84, 4.29
136.18, 4.29
136.54, 4.29
136.97, 4.29
137.29, 4.29
137.74, 4.29
138.09, 4.29
140.11, 4.30
140.57, 4.30
140.92, 4.30
141.40, 4.30
141.80, 4.30
142.25, 4.30
142.57, 4.30
143.09, 4.30
143.39, 4.30
143.94, 4.30
145.32, 4.31
145.78, 4.31
146.11, 4.31
146.60, 4.31
146.92, 4.31
147.35, 4.31
147.73, 4.31
148.24, 4.31
148.63, 4.31
149.26, 4.31
151.75, 4.32
152.29, 4.32
152.70, 4.32
153.19, 4.32
153.50, 4.32
153.99, 4.32
154.37, 4.32
155.04, 4.32
155.47, 4.32
156.04, 4.32
156.45, 4.32
159.39, 4.33
159.92, 4.33
160.44, 4.33
160.98, 4.33
161.42, 4.33
161.99, 4.33
162.44, 4.33
163.00, 4.33
163.41, 4.33
164.00, 4.33
164.44, 4.33
164.96, 4.33
165.38, 4.33
165.98, 4.33
166.52, 4.33
170.49, 4.34
171.08, 4.34
171.53, 4.34
172.11, 4.34
172.69, 4.34
173.27, 4.34
173.71, 4.34
174.32, 4.34
174.77, 4.34
175.36, 4.34
175.79, 4.34
176.38, 4.34
176.81, 4.34
177.42, 4.34
177.85, 4.34
178.41, 4.34
179.86, 4.36
180.17, 4.36
180.53, 4.36
180.79, 4.36
181.37, 4.37
181.59, 4.37
181.83, 4.37
181.97, 4.37
182.23, 4.38
182.36, 4.38
182.42, 4.38
182.54, 4.39
182.58, 4.39
182.61, 4.39
182.61, 4.40
182.61, 4.40
182.60, 4.40
182.56, 4.41
182.52, 4.41
182.48, 4.41
182.31, 4.42
182.27, 4.42
182.10, 4.42
181.94, 4.42
181.83, 4.42
181.57, 4.43
181.45, 4.43
181.35, 4.43
181.20, 4.44
181.12, 4.44
180.93, 4.44
180.81, 4.46
180.62, 4.46
180.45, 4.47
180.37, 4.47
180.22, 4.47
179.97, 4.48
179.85, 4.48
179.69, 4.48
179.56, 4.49
179.38, 4.49
179.28, 4.49
179.08, 4.50
178.93, 4.50
178.67, 4.51
178.54, 4.51
178.46, 4.51
178.24, 4.52
178.14, 4.52
178.06, 4.52
177.90, 4.53
177.77, 4.53
177.36, 4.54
177.21, 4.54
177.02, 4.56
176.94, 4.56
176.84, 4.56
176.60, 4.57
176.51, 4.57
176.39, 4.57
176.24, 4.58
176.12, 4.58
175.96, 4.58
175.88, 4.59
175.70, 4.59
175.59, 4.59
175.36, 4.60
175.14, 4.60
175.03, 4.60
174.82, 4.61
174.65, 4.61
174.44, 4.61
174.29, 4.61
174.09, 4.61
173.96, 4.61
173.84, 4.62
173.75, 4.62
173.60, 4.62
173.59, 4.63
173.52, 4.63
173.50, 4.63
173.51, 4.64
173.58, 4.64
173.70, 4.64
173.87, 4.66
173.98, 4.66
174.14, 4.66
174.54, 4.67
174.65, 4.67
174.81, 4.67
175.03, 4.67
175.33, 4.68
175.50, 4.68
175.68, 4.68
175.88, 4.68
176.24, 4.69
176.51, 4.69
176.70, 4.69
176.83, 4.70
176.88, 4.70
176.96, 4.70
176.93, 4.71
176.92, 4.71
176.90, 4.71
176.81, 4.72
176.79, 4.72
176.65, 4.72
176.58, 4.73
176.51, 4.73
176.37, 4.73
176.35, 4.74
176.23, 4.74
176.13, 4.74
176.06, 4.76
175.97, 4.76
175.90, 4.76
175.68, 4.77
175.62, 4.77
175.49, 4.77
175.35, 4.78
175.31, 4.78
175.17, 4.78
175.13, 4.79
175.03, 4.79
174.94, 4.79
174.82, 4.80
174.74, 4.80
174.59, 4.80
174.46, 4.81
174.39, 4.81
174.33, 4.81
174.17, 4.82
174.11, 4.82
174.09, 4.82
174.15, 4.83
174.23, 4.83
174.24, 4.83
174.54, 4.84
174.60, 4.84
174.69, 4.84
174.86, 4.86
174.96, 4.86
175.10, 4.86
175.31, 4.87
175.45, 4.87
175.55, 4.87
175.72, 4.88
175.78, 4.88
175.82, 4.88
175.80, 4.89
175.85, 4.89
175.82, 4.89
175.79, 4.90
175.71, 4.90
175.56, 4.91
175.50, 4.91
175.45, 4.91
175.40, 4.92
175.33, 4.92
175.32, 4.92
175.20, 4.93
175.18, 4.93
175.09, 4.93
175.00, 4.94
174.94, 4.94
174.80, 4.96
174.70, 4.96
174.61, 4.96
174.57, 4.97
174.53, 4.97
174.52, 4.97
174.53, 4.98
174.51, 4.98
174.52, 4.98
174.48, 4.99
174.53, 4.99
174.58, 4.99
174.71, 5.00
174.75, 5.00
174.81, 5.00
174.98, 5.01
175.09, 5.01
175.24, 5.01
175.44, 5.02
175.59, 5.02
175.69, 5.02
175.89, 5.03
175.97, 5.03
175.96, 5.03
175.89, 5.04
175.84, 5.04
175.78, 5.04
175.66, 5.06
175.58, 5.06
175.52, 5.06
175.41, 5.07
175.20, 5.07
175.13, 5.07
175.04, 5.07
174.94, 5.07
174.89, 5.07
174.67, 5.08
174.41, 5.08
174.20, 5.09
174.13, 5.09
174.15, 5.09
174.22, 5.10
174.25, 5.10
174.29, 5.10
174.34, 5.11
174.42, 5.11
174.50, 5.11
174.72, 5.12
174.93, 5.12
175.11, 5.12
175.30, 5.12
175.49, 5.13
175.72, 5.13
176.00, 5.13
176.36, 5.14
176.44, 5.14
176.53, 5.14
176.57, 5.16
176.60, 5.16
176.58, 5.16
176.53, 5.17
176.46, 5.17
176.33, 5.17
176.20, 5.18
176.02, 5.18
176.02, 5.18
175.87, 5.19
175.81, 5.19
175.72, 5.19
175.47, 5.20
175.37, 5.20
175.19, 5.21
175.17, 5.21
175.08, 5.21
175.00, 5.22
174.93, 5.22
174.89, 5.22
174.91, 5.23
174.89, 5.23
174.92, 5.23
175.00, 5.24
175.02, 5.24
175.12, 5.24
175.23, 5.26
175.33, 5.26
175.45, 5.26
175.68, 5.27
175.89, 5.27
175.98, 5.27
176.25, 5.28
176.31, 5.28
176.44, 5.28
176.84, 5.29
176.94, 5.29
177.06, 5.29
177.47, 5.30
177.55, 5.30
177.75, 5.30
178.12, 5.31
178.29, 5.31
178.46, 5.31
178.61, 5.31
178.89, 5.32
179.14, 5.32
179.31, 5.32
179.66, 5.32
180.07, 5.33
180.30, 5.33
180.47, 5.33
180.74, 5.33
181.25, 5.34
181.44, 5.34
181.62, 5.34
181.82, 5.34
182.26, 5.36
182.45, 5.36
182.63, 5.36
182.80, 5.36
183.30, 5.37
183.48, 5.37
183.67, 5.37
183.77, 5.37
184.39, 5.38
184.65, 5.38
184.85, 5.38
185.04, 5.38
185.52, 5.39
185.71, 5.39
185.96, 5.39
186.17, 5.39
186.71, 5.40
186.92, 5.40
187.17, 5.40
187.41, 5.40
187.63, 5.40
188.16, 5.41
188.42, 5.41
188.61, 5.41
188.82, 5.41
188.98, 5.41
189.55, 5.42
189.77, 5.42
190.01, 5.42
190.25, 5.42
191.01, 5.43
191.35, 5.43
191.57, 5.43
191.82, 5.43
192.08, 5.43
193.08, 5.44
193.30, 5.44
193.65, 5.44
193.91, 5.44
194.24, 5.44
194.49, 5.44
195.18, 5.46
195.52, 5.46
195.83, 5.46
196.34, 5.46
196.64, 5.46
197.81, 5.47
198.19, 5.47
198.50, 5.47
198.90, 5.47
199.24, 5.47
199.72, 5.47
200.95, 5.48
201.24, 5.48
201.67, 5.48
202.01, 5.48
202.43, 5.48
202.76, 5.48
203.96, 5.49
204.40, 5.49
204.65, 5.49
205.20, 5.49
205.47, 5.49
205.87, 5.49
206.18, 5.49
207.10, 5.50
207.51, 5.50
207.80, 5.50
208.20, 5.50
208.51, 5.50
208.94, 5.50
210.75, 5.51
211.07, 5.51
211.50, 5.51
211.84, 5.51
212.28, 5.51
212.62, 5.51
214.54, 5.52
214.89, 5.52
215.36, 5.52
215.75, 5.52
216.25, 5.52
216.60, 5.52
217.15, 5.52
218.91, 5.53
219.38, 5.53
219.77, 5.53
220.36, 5.53
220.74, 5.53
221.19, 5.53
221.55, 5.53
222.00, 5.53
224.08, 5.54
224.60, 5.54
224.94, 5.54
225.59, 5.54
226.01, 5.54
226.59, 5.54
226.96, 5.54
227.53, 5.54
227.93, 5.54
228.48, 5.54
230.45, 5.56
230.85, 5.56
231.55, 5.56
231.99, 5.56
232.55, 5.56
233.01, 5.56
233.60, 5.56
234.06, 5.56
234.65, 5.56
235.10, 5.56
235.69, 5.56
236.13, 5.56
239.01, 5.57
239.56, 5.57
240.00, 5.57
240.59, 5.57
240.96, 5.57
241.53, 5.57
241.96, 5.57
242.52, 5.57
242.97, 5.57
243.66, 5.57
244.11, 5.57
247.47, 5.58
248.07, 5.58
248.49, 5.58
249.03, 5.58
249.57, 5.58
250.11, 5.58
250.55, 5.58
251.06, 5.58
251.45, 5.58
252.05, 5.58
252.44, 5.58
257.11, 5.59
257.70, 5.59
258.13, 5.59
258.74, 5.59
259.19, 5.59
259.74, 5.59
260.17, 5.59
260.80, 5.59
261.27, 5.59
261.89, 5.59
262.51, 5.59
263.09, 5.59
263.56, 5.59
264.20, 5.59
264.64, 5.59
265.26, 5.59
265.74, 5.59
268.07, 5.60
268.76, 5.60
269.23, 5.60
269.82, 5.60
270.22, 5.60
270.70, 5.60
271.23, 5.61
271.64, 5.61
271.95, 5.61
272.29, 5.61
272.72, 5.62
272.91, 5.62
273.19, 5.62
273.54, 5.63
273.62, 5.63
273.76, 5.63
273.75, 5.64
273.68, 5.64
273.63, 5.64
273.38, 5.66
273.24, 5.66
273.11, 5.66
272.92, 5.67
272.76, 5.67
272.61, 5.67
272.47, 5.68
272.31, 5.68
272.18, 5.68
271.96, 5.69
271.82, 5.69
271.66, 5.69
271.38, 5.70
271.22, 5.70
271.04, 5.70
270.82, 5.71
270.64, 5.71
270.45, 5.71
270.30, 5.71
270.07, 5.71
269.95, 5.71
269.62, 5.72
269.44, 5.72
269.19, 5.72
268.93, 5.73
268.69, 5.73
268.38, 5.74
268.23, 5.74
268.09, 5.74
267.89, 5.76
267.74, 5.76
267.57, 5.77
267.42, 5.77
267.30, 5.77
267.05, 5.78
266.87, 5.78
266.75, 5.78
266.69, 5.78
266.59, 5.78
266.47, 5.78
266.33, 5.79
266.24, 5.79
266.07, 5.79
265.95, 5.80
265.89, 5.80
265.78, 5.80
265.71, 5.81
265.61, 5.81
265.53, 5.81
265.49, 5.81
265.37, 5.81
265.32, 5.81
265.12, 5.82
265.05, 5.82
265.00, 5.82
264.88, 5.83
264.86, 5.83
264.80, 5.83
264.73, 5.84
264.72, 5.84
264.62, 5.84
264.61, 5.86
264.58, 5.86
264.60, 5.86
264.65, 5.87
264.68, 5.87
264.78, 5.87
264.92, 5.88
265.07, 5.88
265.22, 5.88
265.59, 5.89
265.70, 5.89
265.86, 5.89
265.99, 5.90
266.11, 5.90
266.21, 5.90
266.38, 5.91
266.43, 5.91
266.44, 5.91
266.45, 5.91
266.46, 5.91
266.37, 5.92
266.38, 5.92
266.28, 5.93
266.24, 5.93
266.21, 5.93
266.15, 5.94
266.09, 5.94
266.02, 5.94
265.87, 5.96
265.81, 5.96
265.73, 5.96
265.58, 5.97
265.52, 5.97
265.36, 5.97
265.30, 5.98
265.20, 5.98
265.09, 5.98
264.98, 5.99
264.89, 5.99
264.83, 5.99
264.68, 6.00
264.62, 6.00
264.51, 6.01
264.48, 6.01
264.46, 6.01
264.46, 6.02
264.45, 6.02
264.43, 6.02
264.60, 6.03
264.64, 6.03
264.71, 6.03
264.83, 6.04
264.87, 6.04
265.01, 6.04
265.17, 6.06
265.18, 6.06
265.25, 6.06
265.57, 6.07
265.70, 6.07
265.78, 6.07
265.83, 6.08
265.84, 6.08
265.82, 6.08
265.82, 6.09
265.72, 6.09
265.58, 6.09
265.47, 6.09
265.32, 6.09
265.25, 6.09
265.00, 6.10
264.84, 6.10
264.74, 6.10
264.61, 6.11
264.49, 6.11
264.40, 6.11
264.38, 6.12
264.34, 6.12
264.30, 6.12
264.34, 6.13
264.31, 6.13
264.43, 6.13
264.47, 6.14
264.52, 6.14
264.70, 6.14
264.96, 6.16
265.18, 6.16
265.28, 6.16
265.62, 6.17
265.80, 6.17
265.94, 6.17
266.24, 6.18
266.30, 6.18
266.37, 6.18
266.43, 6.18
266.54, 6.18
266.55, 6.18
266.67, 6.19
266.59, 6.19
266.60, 6.19
266.52, 6.20
266.49, 6.20
266.48, 6.20
266.33, 6.21
266.28, 6.21
266.10, 6.22
266.02, 6.22
265.90, 6.22
265.79, 6.23
265.65, 6.23
265.46, 6.24
265.38, 6.24
265.34, 6.24
265.16, 6.26
265.04, 6.26
264.89, 6.27
264.75, 6.27
264.68, 6.27
264.61, 6.28
264.58, 6.28
264.50, 6.28
264.45, 6.29
264.38, 6.29
264.42, 6.29
264.35, 6.30
264.42, 6.30
264.46, 6.30
264.59, 6.31
264.64, 6.31
264.62, 6.31
264.81, 6.32
264.94, 6.32
265.03, 6.32
265.30, 6.33
265.47, 6.33
265.57, 6.33
265.73, 6.34
265.83, 6.34
265.93, 6.34
265.93, 6.36
265.94, 6.36
265.93, 6.36
265.93, 6.36
265.94, 6.36
265.89, 6.36
265.75, 6.37
265.75, 6.37
265.63, 6.37
265.60, 6.38
265.50, 6.38
265.37, 6.38
265.29, 6.39
265.22, 6.39
265.14, 6.39
265.09, 6.40
264.96, 6.40
264.89, 6.40
264.81, 6.41
264.69, 6.41
264.61, 6.41
264.49, 6.41
264.48, 6.41
264.43, 6.41
264.26, 6.42
264.20, 6.42
264.13, 6.42
264.05, 6.43
264.01, 6.43
264.07, 6.43
264.05, 6.44
264.14, 6.44
264.22, 6.44
264.28, 6.46
264.41, 6.46
264.45, 6.46
264.56, 6.47
264.63, 6.47
264.79, 6.47
265.02, 6.48
265.09, 6.48
265.20, 6.48
265.48, 6.49
265.62, 6.49
265.74, 6.49
265.79, 6.49
265.85, 6.50
265.85, 6.50
265.86, 6.50
265.85, 6.51
265.88, 6.51
265.84, 6.51
265.72, 6.52
265.63, 6.52
265.46, 6.52
265.45, 6.52
265.34, 6.52
265.22, 6.52
265.16, 6.53
265.07, 6.53
264.94, 6.53
264.85, 6.53
264.69, 6.53
264.56, 6.53
264.49, 6.54
264.39, 6.54
264.25, 6.54
264.10, 6.56
264.09, 6.56
264.11, 6.56
264.11, 6.57
264.12, 6.57
264.14, 6.57
264.40, 6.58
264.49, 6.58
264.63, 6.58
265.08, 6.59
265.30, 6.59
265.51, 6.59
265.86, 6.60
266.12, 6.60
266.25, 6.60
266.48, 6.61
266.58, 6.61
266.69, 6.62
266.67, 6.62
266.61, 6.62
266.52, 6.63
266.40, 6.63
266.21, 6.64
266.12, 6.64
266.06, 6.64
265.97, 6.66
265.92, 6.66
265.87, 6.66
265.78, 6.67
265.68, 6.67
265.60, 6.67
265.55, 6.68
265.50, 6.68
265.44, 6.68
265.36, 6.69
265.30, 6.69
265.26, 6.69
265.18, 6.70
265.11, 6.70
264.86, 6.71
264.76, 6.71
264.67, 6.71
264.45, 6.72
264.32, 6.72
264.22, 6.72
264.06, 6.73
264.00, 6.73
263.91, 6.73
264.00, 6.74
263.99, 6.74
264.04, 6.74
264.16, 6.76
264.20, 6.76
264.34, 6.76
264.45, 6.77
264.62, 6.77
264.67, 6.77
265.09, 6.78
265.21, 6.78
265.39, 6.78
265.51, 6.78
265.80, 6.79
265.93, 6.79
266.06, 6.79
266.26, 6.80
266.29, 6.80
266.33, 6.80
266.34, 6.81
266.34, 6.81
266.36, 6.81
266.19, 6.82
266.21, 6.82
265.84, 6.83
265.81, 6.83
265.71, 6.83
265.53, 6.84
265.44, 6.84
265.26, 6.84
265.16, 6.86
265.02, 6.86
264.97, 6.86
264.87, 6.87
264.76, 6.87
264.70, 6.87
264.57, 6.88
264.56, 6.88
264.53, 6.88
264.50, 6.89
264.50, 6.89
264.52, 6.89
264.58, 6.90
264.61, 6.90
264.64, 6.90
264.81, 6.91
264.90, 6.91
264.99, 6.91
265.19, 6.92
265.32, 6.92
265.42, 6.92
265.60, 6.93
265.70, 6.93
265.81, 6.93
265.98, 6.94
266.00, 6.94
265.95, 6.94
266.00, 6.96
265.96, 6.96
265.89, 6.96
265.72, 6.97
265.60, 6.97
265.51, 6.97
265.45, 6.97
265.35, 6.97
265.23, 6.97
265.05, 6.98
265.00, 6.98
264.91, 6.98
264.72, 6.99
264.67, 6.99
264.61, 6.99
264.59, 7.00
264.54, 7.00
264.49, 7.00
264.53, 7.01
264.55, 7.01
264.54, 7.01
264.62, 7.02
264.67, 7.02
264.74, 7.02
264.87, 7.03
265.03, 7.03
265.14, 7.03
265.44, 7.04
265.54, 7.04
265.60, 7.04
265.81, 7.06
265.96, 7.06
266.06, 7.06
266.12, 7.07
266.06, 7.07
266.06, 7.07
265.93, 7.08
265.81, 7.08
265.54, 7.09
265.47, 7.09
265.37, 7.09
265.14, 7.10
265.03, 7.10
264.98, 7.10
264.97, 7.11
264.93, 7.11
264.89, 7.11
264.91, 7.12
264.82, 7.12
264.84, 7.12
264.79, 7.13
264.84, 7.13
264.85, 7.13
264.89, 7.14
264.93, 7.14
264.95, 7.14
265.14, 7.16
265.19, 7.16
265.23, 7.16
265.42, 7.17
265.49, 7.17
265.55, 7.17
265.62, 7.18
265.64, 7.18
265.73, 7.18
265.71, 7.19
265.74, 7.19
265.72, 7.19
265.66, 7.20
265.61, 7.20
265.54, 7.21
265.42, 7.21
265.33, 7.21
265.29, 7.21
265.21, 7.21
265.04, 7.21
264.98, 7.22
264.87, 7.22
264.82, 7.22
264.70, 7.23
264.61, 7.23
264.55, 7.23
264.39, 7.24
264.38, 7.24
264.23, 7.26
264.28, 7.26
264.29, 7.26
264.37, 7.27
264.40, 7.27
264.49, 7.27
264.71, 7.28
264.77, 7.28
264.89, 7.28
265.02, 7.29
265.20, 7.29
265.34, 7.29
265.51, 7.30
265.63, 7.30
265.65, 7.30
265.80, 7.31
265.83, 7.31
265.87, 7.31
265.85, 7.32
265.86, 7.32
265.83, 7.32
265.71, 7.33
265.59, 7.33
265.39, 7.34
265.32, 7.34
265.24, 7.34
265.05, 7.36
264.97, 7.36
264.87, 7.36
264.67, 7.36
264.56, 7.36
264.46, 7.36
264.35, 7.37
264.16, 7.37
264.13, 7.37
264.12, 7.38
264.15, 7.38
264.09, 7.38
264.14, 7.39
264.20, 7.39
264.27, 7.39
264.43, 7.40
264.60, 7.40
264.71, 7.40
265.01, 7.41
265.17, 7.41
265.31, 7.41
265.79, 7.42
265.90, 7.42
266.12, 7.42
266.30, 7.43
266.33, 7.43
266.41, 7.43
266.45, 7.44
266.43, 7.44
266.39, 7.46
266.38, 7.46
266.34, 7.46
266.24, 7.46
266.21, 7.46
266.18, 7.46
266.10, 7.47
265.95, 7.47
265.85, 7.47
265.76, 7.48
265.67, 7.48
265.59, 7.48
265.47, 7.49
265.39, 7.49
265.26, 7.49
265.16, 7.50
265.07, 7.50
265.01, 7.50
264.90, 7.51
264.83, 7.51
264.77, 7.51
264.71, 7.52
264.68, 7.52
264.61, 7.52
264.60, 7.53
264.61, 7.53
264.63, 7.53
264.68, 7.54
264.71, 7.54
264.75, 7.54
264.78, 7.56
264.86, 7.56
264.89, 7.56
264.98, 7.57
265.06, 7.57
265.07, 7.57
265.26, 7.58
265.36, 7.58
265.43, 7.58
265.52, 7.59
265.57, 7.59
265.63, 7.59
265.68, 7.60
265.68, 7.60
265.69, 7.60
265.64, 7.61
265.62, 7.61
265.41, 7.62
265.28, 7.62
265.22, 7.62
265.11, 7.63
265.05, 7.63
264.97, 7.63
264.84, 7.64
264.80, 7.64
264.75, 7.64
264.57, 7.66
264.46, 7.66
264.38, 7.66
264.31, 7.67
264.29, 7.67
264.37, 7.68
264.44, 7.68
264.43, 7.68
264.48, 7.69
264.57, 7.69
264.65, 7.69
264.82, 7.70
264.91, 7.70
265.01, 7.70
265.41, 7.71
265.52, 7.71
265.74, 7.71
265.99, 7.72
266.09, 7.72
266.17, 7.72
266.27, 7.73
266.21, 7.73
266.25, 7.74
266.28, 7.74
266.23, 7.74
266.21, 7.76
266.10, 7.76
266.10, 7.76
265.97, 7.77
265.94, 7.77
265.79, 7.78
265.71, 7.78
265.61, 7.78
265.41, 7.79
265.31, 7.79
265.12, 7.79
264.97, 7.80
264.86, 7.80
264.64, 7.80
264.39, 7.81
264.24, 7.81
264.09, 7.81
264.00, 7.82
263.95, 7.82
263.97, 7.82
263.95, 7.83
263.93, 7.83
263.89, 7.83
263.99, 7.84
264.10, 7.84
264.19, 7.84
264.40, 7.86
264.47, 7.86
264.62, 7.86
264.96, 7.87
265.11, 7.87
265.18, 7.87
265.25, 7.87
265.56, 7.88
265.71, 7.88
265.83, 7.88
265.91, 7.89
265.93, 7.89
265.95, 7.89
266.02, 7.90
266.02, 7.90
266.09, 7.90
265.88, 7.91
265.72, 7.91
265.60, 7.91
265.35, 7.92
265.23, 7.92
264.94, 7.93
264.84, 7.93
264.76, 7.93
264.65, 7.94
264.45, 7.94
264.42, 7.94
264.39, 7.96
264.40, 7.96
264.35, 7.96
264.34, 7.97
264.31, 7.97
264.35, 7.97
264.36, 7.98
264.42, 7.98
264.57, 7.98
264.82, 7.99
265.00, 7.99
265.12, 7.99
265.24, 8.00
265.37, 8.00
265.49, 8.00
265.68, 8.01
265.71, 8.01
265.66, 8.01
265.67, 8.02
265.62, 8.02
265.59, 8.03
265.56, 8.03
265.39, 8.04
265.29, 8.04
265.19, 8.04
265.13, 8.04
265.11, 8.04
265.05, 8.04
264.78, 8.06
264.69, 8.06
264.45, 8.06
264.35, 8.07
264.19, 8.07
264.03, 8.07
263.81, 8.08
263.68, 8.08
263.59, 8.08
263.48, 8.09
263.45, 8.09
263.48, 8.09
263.54, 8.10
263.62, 8.10
263.70, 8.10
263.93, 8.11
264.08, 8.11
264.17, 8.11
264.44, 8.12
264.58, 8.12
264.73, 8.12
265.00, 8.13
265.08, 8.13
265.25, 8.13
265.42, 8.14
265.50, 8.14
265.60, 8.14
265.74, 8.16
265.73, 8.16
265.68, 8.16
265.58, 8.17
265.48, 8.17
265.39, 8.17
265.23, 8.18
265.12, 8.18
265.01, 8.18
264.96, 8.19
264.87, 8.19
264.78, 8.19
264.64, 8.20
264.60, 8.20
264.56, 8.21
264.60, 8.21
264.58, 8.21
264.64, 8.22
264.63, 8.22
264.65, 8.22
264.86, 8.23
264.90, 8.23
264.97, 8.23
265.08, 8.24
265.24, 8.24
265.39, 8.24
265.76, 8.26
265.88, 8.26
266.07, 8.26
266.41, 8.27
266.62, 8.27
266.69, 8.27
266.79, 8.27
266.99, 8.28
267.18, 8.28
267.42, 8.28
267.57, 8.28
268.00, 8.29
268.12, 8.29
268.28, 8.29
268.46, 8.29
268.75, 8.30
268.87, 8.30
269.02, 8.30
269.18, 8.30
269.32, 8.30
269.71, 8.31
269.89, 8.31
270.12, 8.31
270.20, 8.31
270.47, 8.32
270.61, 8.32
270.79, 8.32
270.95, 8.32
271.39, 8.33
271.63, 8.33
271.88, 8.33
272.07, 8.33
272.21, 8.33
272.63, 8.34
272.82, 8.34
273.00, 8.34
273.21, 8.34
273.37, 8.34
273.80, 8.36
274.04, 8.36
274.20, 8.36
274.42, 8.36
274.58, 8.36
274.99, 8.37
275.19, 8.37
275.35, 8.37
275.55, 8.37
275.71, 8.37
276.20, 8.38
276.42, 8.38
276.63, 8.38
276.77, 8.38
276.94, 8.38
277.35, 8.39
277.50, 8.39
277.72, 8.39
277.87, 8.39
278.06, 8.39
278.70, 8.40
278.91, 8.40
279.08, 8.40
279.32, 8.40
279.51, 8.40
279.79, 8.40
280.28, 8.41
280.50, 8.41
280.69, 8.41
280.91, 8.41
281.09, 8.41
281.33, 8.41
281.82, 8.42
282.05, 8.42
282.22, 8.42
282.44, 8.42
282.63, 8.42
282.86, 8.42
283.68, 8.43
283.89, 8.43
284.04, 8.43
284.28, 8.43
284.46, 8.43
284.71, 8.43
284.90, 8.43
285.79, 8.44
286.06, 8.44
286.28, 8.44
286.56, 8.44
286.75, 8.44
287.02, 8.44
288.12, 8.46
288.34, 8.46
288.60, 8.46
288.75, 8.46
288.97, 8.46
289.13, 8.46
289.37, 8.46
289.58, 8.46
290.41, 8.47
290.58, 8.47
290.82, 8.47
291.02, 8.47
291.41, 8.47
291.62, 8.47
291.88, 8.47
292.07, 8.47
293.08, 8.48
293.37, 8.48
293.61, 8.48
293.89, 8.48
294.08, 8.48
294.42, 8.48
294.64, 8.48
294.91, 8.48
295.86, 8.49
296.14, 8.49
296.34, 8.49
296.64, 8.49
296.86, 8.49
297.23, 8.49
297.45, 8.49
297.75, 8.49
297.96, 8.49
299.23, 8.50
299.50, 8.50
299.79, 8.50
300.01, 8.50
300.29, 8.50
300.59, 8.50
300.89, 8.50
301.12, 8.50
301.45, 8.50
303.08, 8.51
303.43, 8.51
303.68, 8.51
304.07, 8.51
304.30, 8.51
304.61, 8.51
304.85, 8.51
305.21, 8.51
305.47, 8.51
305.85, 8.51
306.13, 8.51
307.97, 8.52
308.26, 8.52
308.62, 8.52
308.89, 8.52
309.28, 8.52
309.58, 8.52
309.97, 8.52
310.21, 8.52
310.55, 8.52
310.84, 8.52
311.22, 8.52
311.70, 8.52
311.99, 8.52
312.32, 8.52
312.50, 8.52
312.85, 8.52
316.31, 8.53
316.68, 8.53
316.97, 8.53
317.33, 8.53
317.71, 8.53
317.98, 8.53
318.36, 8.53
318.63, 8.53
319.02, 8.53
319.28, 8.53
319.72, 8.53
319.99, 8.53
320.33, 8.53
320.60, 8.53
320.95, 8.53
321.22, 8.53
321.58, 8.53
321.86, 8.53
322.25, 8.53
322.53, 8.53
326.08, 8.54
326.46, 8.54
326.85, 8.54
327.21, 8.54
327.51, 8.54
327.89, 8.54
328.17, 8.54
328.60, 8.54
328.89, 8.54
329.28, 8.54
329.57, 8.54
330.01, 8.54
330.33, 8.54
330.73, 8.54
331.16, 8.54
331.56, 8.54
331.86, 8.54
332.29, 8.54
332.70, 8.54
333.02, 8.54
333.45, 8.54
333.76, 8.54
334.16, 8.54
334.50, 8.54
334.92, 8.54
335.24, 8.54
338.27, 8.56
338.64, 8.56
338.98, 8.56
339.34, 8.56
339.59, 8.56
339.92, 8.56
340.11, 8.56
340.39, 8.56
340.64, 8.56
340.98, 8.56
341.22, 8.56
341.55, 8.56
341.87, 8.56
342.13, 8.56
342.58, 8.56
342.82, 8.56
343.17, 8.56
343.46, 8.56
343.87, 8.56
344.13, 8.56
348.51, 8.57
348.77, 8.57
349.16, 8.57
349.45, 8.57
349.86, 8.57
350.15, 8.57
350.56, 8.57
350.85, 8.57
351.33, 8.57
351.60, 8.57
351.97, 8.57
352.35, 8.57
352.63, 8.57
353.00, 8.57
353.28, 8.57
353.61, 8.57
353.84, 8.57
354.14, 8.57
354.37, 8.57
354.75, 8.57
355.04, 8.57
355.26, 8.57
355.52, 8.57
355.71, 8.57
355.96, 8.57
356.14, 8.57
356.90, 8.58
356.96, 8.58
357.03, 8.58
357.10, 8.58
357.14, 8.58
357.18, 8.58
357.21, 8.58
357.26, 8.58
357.28, 8.58
357.31, 8.58
357.34, 8.58
357.35, 8.58
357.36, 8.58
357.37, 8.58
357.37, 8.58
357.36, 8.58
357.34, 8.58
357.31, 8.58
357.29, 8.58
357.27, 8.58
357.26, 8.58
357.23, 8.58
357.22, 8.58
