0.39, 0.00
0.39, 0.00
0.39, 0.00
0.39, 0.00
0.38, 0.00
0.35, 0.00
0.34, 0.00
0.30, 0.00
0.04, 0.01
-0.06, 0.01
-0.13, 0.01
-0.19, 0.01
-0.46, 0.02
-0.60, 0.02
-0.74, 0.02
-0.78, 0.02
-0.83, 0.02
-0.86, 0.03
-0.90, 0.03
-0.93, 0.03
-0.99, 0.03
-1.05, 0.03
-1.07, 0.04
-1.09, 0.04
-1.06, 0.04
-1.04, 0.04
-0.99, 0.04
-1.02, 0.04
-0.66, 0.06
-0.61, 0.06
-0.52, 0.06
-0.39, 0.06
-0.30, 0.06
-0.17, 0.06
0.13, 0.07
0.21, 0.07
0.37, 0.07
0.41, 0.07
0.47, 0.07
0.47, 0.08
0.46, 0.08
0.47, 0.08
0.50, 0.09
0.45, 0.09
0.37, 0.09
0.32, 0.10
0.26, 0.10
0.11, 0.10
-0.24, 0.11
-0.32, 0.11
-0.44, 0.11
-0.68, 0.12
-0.80, 0.12
-0.89, 0.12
-0.96, 0.13
-1.04, 0.13
-1.14, 0.13
-0.83, 0.14
-0.77, 0.14
-0.62, 0.14
-0.34, 0.16
-0.24, 0.16
-0.15, 0.16
0.02, 0.16
0.15, 0.17
0.30, 0.17
0.53, 0.17
0.88, 0.18
1.01, 0.18
1.09, 0.18
1.23, 0.19
1.29, 0.19
1.22, 0.19
1.20, 0.20
1.17, 0.20
1.17, 0.20
1.10, 0.21
1.03, 0.21
0.95, 0.21
0.75, 0.22
0.65, 0.22
0.61, 0.22
0.41, 0.23
0.39, 0.23
0.40, 0.23
0.18, 0.24
0.17, 0.24
0.12, 0.24
0.06, 0.26
0.03, 0.26
0.00, 0.26
-0.08, 0.27
-0.12, 0.27
-0.13, 0.27
-0.27, 0.28
-0.35, 0.28
-0.36, 0.28
-0.43, 0.29
-0.47, 0.29
-0.38, 0.29
-0.40, 0.30
-0.34, 0.30
-0.41, 0.30
-0.35, 0.31
-0.38, 0.31
-0.45, 0.31
-0.38, 0.32
-0.44, 0.32
-0.46, 0.32
-0.54, 0.33
-0.56, 0.33
-0.44, 0.33
-0.39, 0.34
-0.33, 0.34
-0.27, 0.34
-0.22, 0.36
-0.13, 0.36
-0.11, 0.36
-0.08, 0.37
-0.03, 0.37
0.01, 0.37
0.20, 0.38
0.19, 0.38
0.21, 0.38
0.24, 0.39
0.23, 0.39
0.28, 0.39
0.29, 0.40
0.25, 0.40
0.28, 0.40
0.15, 0.41
0.15, 0.41
0.14, 0.41
0.00, 0.42
0.03, 0.42
-0.02, 0.42
-0.06, 0.43
-0.12, 0.43
-0.06, 0.43
-0.12, 0.44
-0.13, 0.44
-0.15, 0.44
-0.13, 0.46
-0.04, 0.46
0.03, 0.46
0.18, 0.47
0.27, 0.47
0.29, 0.47
0.34, 0.48
0.42, 0.48
0.46, 0.48
0.57, 0.49
0.58, 0.49
0.50, 0.49
0.43, 0.50
0.42, 0.50
0.32, 0.50
0.14, 0.51
0.12, 0.51
0.03, 0.51
-0.13, 0.52
-0.14, 0.52
-0.24, 0.52
-0.24, 0.53
-0.31, 0.53
-0.44, 0.53
-0.42, 0.54
-0.54, 0.54
-0.57, 0.54
-0.62, 0.56
-0.70, 0.56
-0.66, 0.56
-0.67, 0.57
-0.64, 0.57
-0.62, 0.57
-0.57, 0.58
-0.46, 0.58
-0.45, 0.58
-0.24, 0.59
-0.21, 0.59
-0.23, 0.59
-0.19, 0.60
-0.16, 0.60
-0.10, 0.60
0.20, 0.61
0.22, 0.61
0.21, 0.61
0.27, 0.62
0.31, 0.62
0.37, 0.62
0.37, 0.63
0.45, 0.63
0.47, 0.63
0.47, 0.64
0.51, 0.64
0.55, 0.64
0.53, 0.66
0.55, 0.66
0.41, 0.66
0.32, 0.67
0.38, 0.67
0.32, 0.67
0.23, 0.68
0.19, 0.68
0.09, 0.68
-0.05, 0.69
-0.23, 0.69
-0.36, 0.69
-0.33, 0.70
-0.43, 0.70
-0.44, 0.70
-0.63, 0.71
-0.66, 0.71
-0.69, 0.71
-0.73, 0.72
-0.73, 0.72
-0.68, 0.72
-0.84, 0.73
-0.75, 0.73
-0.68, 0.73
-0.52, 0.74
-0.49, 0.74
-0.49, 0.74
-0.37, 0.76
-0.34, 0.76
-0.34, 0.76
-0.14, 0.77
-0.14, 0.77
-0.11, 0.77
-0.21, 0.78
-0.22, 0.78
-0.13, 0.78
-0.12, 0.79
-0.06, 0.79
-0.07, 0.79
-0.03, 0.80
0.07, 0.80
0.07, 0.80
0.12, 0.81
0.06, 0.81
0.04, 0.81
0.14, 0.82
0.12, 0.82
0.03, 0.82
0.04, 0.83
-0.06, 0.83
-0.08, 0.83
-0.12, 0.84
-0.17, 0.84
-0.15, 0.84
-0.17, 0.86
-0.16, 0.86
-0.16, 0.86
-0.13, 0.87
-0.04, 0.87
-0.01, 0.87
0.17, 0.88
0.29, 0.88
0.34, 0.88
0.53, 0.89
0.65, 0.89
0.70, 0.89
0.82, 0.90
0.80, 0.90
0.91, 0.90
0.82, 0.91
0.79, 0.91
0.73, 0.91
0.68, 0.92
0.58, 0.92
0.52, 0.92
0.44, 0.93
0.36, 0.93
0.29, 0.93
0.19, 0.94
0.12, 0.94
0.04, 0.94
-0.09, 0.96
-0.12, 0.96
-0.25, 0.96
-0.37, 0.97
-0.38, 0.97
-0.50, 0.97
-0.55, 0.98
-0.66, 0.98
-0.74, 0.98
-0.72, 0.99
-0.75, 0.99
-0.70, 0.99
-0.78, 1.00
-0.77, 1.00
-0.66, 1.00
-0.55, 1.01
-0.47, 1.01
-0.42, 1.01
-0.26, 1.02
-0.19, 1.02
-0.14, 1.02
-0.03, 1.03
0.04, 1.03
0.07, 1.03
0.26, 1.04
0.32, 1.04
0.41, 1.04
0.57, 1.06
0.69, 1.06
0.90, 1.06
1.20, 1.07
1.34, 1.07
1.49, 1.07
1.58, 1.07
1.82, 1.08
1.97, 1.08
2.09, 1.08
2.23, 1.08
2.43, 1.09
2.63, 1.09
2.74, 1.09
2.90, 1.09
3.13, 1.10
3.26, 1.10
3.46, 1.10
3.59, 1.10
3.89, 1.11
4.03, 1.11
4.19, 1.11
4.45, 1.11
4.84, 1.12
5.00, 1.12
5.19, 1.12
5.35, 1.12
5.63, 1.13
5.85, 1.13
6.01, 1.13
6.16, 1.13
6.97, 1.14
7.13, 1.14
7.33, 1.14
7.53, 1.14
7.90, 1.16
8.14, 1.16
8.30, 1.16
8.45, 1.16
9.00, 1.17
9.27, 1.17
9.44, 1.17
9.70, 1.17
10.53, 1.18
10.73, 1.18
10.94, 1.18
11.13, 1.18
11.94, 1.19
12.17, 1.19
12.40, 1.19
12.58, 1.19
12.83, 1.19
13.30, 1.20
13.48, 1.20
13.73, 1.20
13.92, 1.20
14.20, 1.20
14.69, 1.21
14.89, 1.21
15.15, 1.21
15.35, 1.21
15.63, 1.21
16.29, 1.22
16.50, 1.22
16.81, 1.22
17.03, 1.22
17.32, 1.22
18.01, 1.23
18.29, 1.23
18.52, 1.23
18.81, 1.23
19.06, 1.23
19.79, 1.24
19.99, 1.24
20.27, 1.24
20.51, 1.24
20.79, 1.24
21.13, 1.24
21.73, 1.26
21.99, 1.26
22.32, 1.26
22.58, 1.26
22.87, 1.26
23.99, 1.27
24.28, 1.27
24.75, 1.27
25.02, 1.27
25.40, 1.27
25.71, 1.27
26.56, 1.28
26.93, 1.28
27.20, 1.28
27.61, 1.28
27.90, 1.28
28.32, 1.28
29.60, 1.29
29.89, 1.29
30.22, 1.29
30.65, 1.29
30.92, 1.29
31.37, 1.29
32.60, 1.30
33.05, 1.30
33.46, 1.30
33.90, 1.30
34.21, 1.30
34.59, 1.30
36.09, 1.31
36.43, 1.31
36.77, 1.31
37.21, 1.31
37.58, 1.31
38.13, 1.31
38.45, 1.31
39.89, 1.32
40.29, 1.32
40.72, 1.32
41.08, 1.32
41.57, 1.32
41.91, 1.32
42.39, 1.32
44.92, 1.33
45.41, 1.33
45.81, 1.33
46.35, 1.33
46.73, 1.33
47.32, 1.33
47.70, 1.33
50.56, 1.34
50.96, 1.34
51.49, 1.34
51.92, 1.34
52.43, 1.34
52.82, 1.34
53.36, 1.34
53.74, 1.34
54.40, 1.34
56.45, 1.36
57.05, 1.36
57.42, 1.36
58.06, 1.36
58.48, 1.36
58.95, 1.36
59.39, 1.36
59.96, 1.36
60.37, 1.36
61.11, 1.36
63.57, 1.37
64.16, 1.37
64.58, 1.37
65.05, 1.37
65.48, 1.37
65.92, 1.37
66.55, 1.37
66.94, 1.37
67.52, 1.37
67.95, 1.37
68.58, 1.37
70.16, 1.38
70.69, 1.38
71.08, 1.38
71.54, 1.38
72.06, 1.38
72.60, 1.38
73.16, 1.38
73.58, 1.38
74.15, 1.38
74.61, 1.38
75.15, 1.38
75.66, 1.38
80.53, 1.39
80.94, 1.39
81.56, 1.39
82.02, 1.39
82.62, 1.39
83.08, 1.39
83.52, 1.39
84.11, 1.39
84.57, 1.39
85.37, 1.39
85.86, 1.39
86.51, 1.39
88.91, 1.40
89.33, 1.40
89.72, 1.40
90.16, 1.40
90.91, 1.41
91.09, 1.41
91.29, 1.41
91.42, 1.41
91.58, 1.42
91.63, 1.42
91.67, 1.42
91.48, 1.43
91.44, 1.43
91.34, 1.43
91.12, 1.44
91.02, 1.44
90.90, 1.44
90.61, 1.46
90.52, 1.46
90.33, 1.46
90.15, 1.47
90.01, 1.47
89.93, 1.47
89.77, 1.48
89.60, 1.48
89.47, 1.48
89.26, 1.49
89.18, 1.49
89.04, 1.49
88.79, 1.50
88.64, 1.50
88.53, 1.50
88.35, 1.51
88.08, 1.51
88.02, 1.51
87.81, 1.52
87.57, 1.52
87.49, 1.52
87.15, 1.53
87.07, 1.53
86.95, 1.53
86.81, 1.54
86.69, 1.54
86.61, 1.54
86.44, 1.56
86.26, 1.56
86.21, 1.56
86.02, 1.57
85.93, 1.57
85.81, 1.57
85.68, 1.58
85.50, 1.58
85.43, 1.58
84.91, 1.59
84.84, 1.59
84.68, 1.60
84.71, 1.60
84.68, 1.60
84.67, 1.61
84.67, 1.61
84.69, 1.61
84.67, 1.62
84.71, 1.62
84.74, 1.62
84.83, 1.63
84.92, 1.63
84.98, 1.63
85.12, 1.64
85.18, 1.64
85.22, 1.64
85.46, 1.66
85.47, 1.66
85.50, 1.66
85.43, 1.67
85.41, 1.67
85.42, 1.67
85.30, 1.68
85.29, 1.68
85.22, 1.68
85.11, 1.69
85.01, 1.69
84.87, 1.69
84.64, 1.70
84.47, 1.70
84.32, 1.70
84.24, 1.71
84.21, 1.71
84.14, 1.71
84.06, 1.72
83.94, 1.72
83.88, 1.72
84.00, 1.73
84.13, 1.73
84.30, 1.73
84.73, 1.74
84.89, 1.74
85.16, 1.74
85.30, 1.76
85.47, 1.76
85.69, 1.76
85.92, 1.77
85.97, 1.77
86.06, 1.77
86.17, 1.78
86.15, 1.78
86.21, 1.78
86.13, 1.79
86.12, 1.79
85.99, 1.80
85.90, 1.80
85.87, 1.80
85.75, 1.81
85.75, 1.81
85.70, 1.81
85.62, 1.82
85.59, 1.82
85.53, 1.82
85.46, 1.83
85.45, 1.83
85.32, 1.83
85.21, 1.84
85.11, 1.84
84.96, 1.84
84.84, 1.86
84.69, 1.86
84.58, 1.86
84.44, 1.87
84.33, 1.87
84.20, 1.87
84.11, 1.88
84.04, 1.88
84.01, 1.88
83.95, 1.89
83.93, 1.89
83.99, 1.89
84.01, 1.90
84.12, 1.90
84.24, 1.90
84.41, 1.91
84.56, 1.91
84.65, 1.91
84.98, 1.92
85.06, 1.92
85.10, 1.92
85.20, 1.93
85.30, 1.93
85.35, 1.93
85.64, 1.94
85.63, 1.94
85.69, 1.94
85.64, 1.96
85.66, 1.96
85.63, 1.96
85.55, 1.97
85.53, 1.97
85.46, 1.97
85.32, 1.98
85.32, 1.98
85.26, 1.98
85.25, 1.99
85.18, 1.99
85.14, 1.99
85.07, 2.00
85.07, 2.00
85.02, 2.00
85.02, 2.01
85.04, 2.01
84.96, 2.01
84.87, 2.02
84.87, 2.02
84.78, 2.02
84.73, 2.03
84.63, 2.03
84.63, 2.03
84.66, 2.04
84.71, 2.04
84.83, 2.04
85.02, 2.06
85.19, 2.06
85.26, 2.06
85.43, 2.07
85.59, 2.07
85.66, 2.07
85.79, 2.08
85.79, 2.08
85.81, 2.08
85.77, 2.09
85.69, 2.09
85.63, 2.09
85.47, 2.10
85.33, 2.10
85.26, 2.10
85.01, 2.11
84.88, 2.11
84.90, 2.11
84.71, 2.12
84.72, 2.12
84.69, 2.12
84.64, 2.13
84.74, 2.13
84.72, 2.13
84.82, 2.14
84.82, 2.14
84.82, 2.14
84.93, 2.16
85.00, 2.16
85.06, 2.16
85.14, 2.17
85.18, 2.17
85.26, 2.17
85.40, 2.18
85.47, 2.18
85.52, 2.18
85.52, 2.19
85.56, 2.19
85.52, 2.19
85.50, 2.20
85.41, 2.20
85.35, 2.20
85.24, 2.21
85.25, 2.21
85.17, 2.21
85.07, 2.22
85.01, 2.22
84.99, 2.22
84.87, 2.23
84.75, 2.23
84.71, 2.23
84.58, 2.24
84.54, 2.24
84.50, 2.24
84.52, 2.26
84.52, 2.26
84.56, 2.26
84.90, 2.27
84.96, 2.27
85.10, 2.27
85.33, 2.28
85.44, 2.28
85.65, 2.28
85.89, 2.29
85.97, 2.29
86.02, 2.29
86.18, 2.30
86.19, 2.30
86.16, 2.30
86.05, 2.31
85.94, 2.31
85.85, 2.31
85.74, 2.32
85.63, 2.32
85.53, 2.32
85.37, 2.33
85.28, 2.33
85.27, 2.33
85.12, 2.34
85.09, 2.34
85.08, 2.34
84.92, 2.36
84.91, 2.36
84.78, 2.36
84.73, 2.37
84.68, 2.37
84.61, 2.37
84.67, 2.38
84.58, 2.38
84.55, 2.38
84.56, 2.39
84.57, 2.39
84.63, 2.39
84.74, 2.40
84.83, 2.40
84.99, 2.40
85.36, 2.41
85.53, 2.41
85.58, 2.41
85.87, 2.42
85.89, 2.42
85.97, 2.42
86.11, 2.43
86.11, 2.43
86.15, 2.43
86.05, 2.44
86.04, 2.44
86.00, 2.44
85.93, 2.46
85.89, 2.46
85.82, 2.46
85.74, 2.47
85.65, 2.47
85.59, 2.47
85.48, 2.48
85.37, 2.48
85.28, 2.48
85.20, 2.49
85.12, 2.49
85.04, 2.49
84.91, 2.50
84.75, 2.50
84.75, 2.50
84.55, 2.51
84.54, 2.51
84.45, 2.51
84.25, 2.52
84.21, 2.52
84.13, 2.52
84.10, 2.53
84.04, 2.53
83.98, 2.53
83.98, 2.54
84.03, 2.54
84.00, 2.54
84.16, 2.56
84.24, 2.56
84.37, 2.56
84.50, 2.57
84.62, 2.57
84.70, 2.57
84.86, 2.58
84.98, 2.58
85.01, 2.58
85.18, 2.59
85.21, 2.59
85.20, 2.59
85.33, 2.60
85.40, 2.60
85.47, 2.60
85.72, 2.61
85.83, 2.61
85.99, 2.61
86.14, 2.61
86.44, 2.62
86.56, 2.62
86.68, 2.62
86.99, 2.63
87.12, 2.63
87.23, 2.63
87.36, 2.63
87.66, 2.64
87.80, 2.64
87.91, 2.64
88.17, 2.64
88.52, 2.66
88.65, 2.66
88.86, 2.66
89.00, 2.66
89.55, 2.67
89.74, 2.67
89.93, 2.67
90.20, 2.67
90.87, 2.68
91.00, 2.68
91.22, 2.68
91.48, 2.68
91.98, 2.69
92.20, 2.69
92.35, 2.69
92.59, 2.69
92.80, 2.69
93.44, 2.70
93.71, 2.70
93.90, 2.70
94.16, 2.70
94.68, 2.71
94.96, 2.71
95.13, 2.71
95.40, 2.71
95.62, 2.71
96.68, 2.72
96.89, 2.72
97.10, 2.72
97.43, 2.72
97.64, 2.72
98.46, 2.73
98.68, 2.73
99.00, 2.73
99.31, 2.73
99.52, 2.73
100.07, 2.74
100.33, 2.74
100.54, 2.74
100.82, 2.74
101.05, 2.74
101.72, 2.76
101.94, 2.76
102.29, 2.76
102.52, 2.76
102.81, 2.76
103.37, 2.77
103.70, 2.77
103.88, 2.77
104.20, 2.77
104.44, 2.77
105.43, 2.78
105.67, 2.78
105.98, 2.78
106.23, 2.78
106.53, 2.78
107.13, 2.79
107.34, 2.79
107.57, 2.79
107.84, 2.79
108.10, 2.79
108.99, 2.80
109.27, 2.80
109.49, 2.80
109.75, 2.80
109.98, 2.80
110.26, 2.80
111.09, 2.81
111.40, 2.81
111.63, 2.81
112.08, 2.81
112.25, 2.81
112.54, 2.81
113.30, 2.82
113.69, 2.82
113.95, 2.82
114.26, 2.82
114.46, 2.82
114.66, 2.82
115.58, 2.83
115.95, 2.83
116.23, 2.83
116.54, 2.83
116.79, 2.83
117.14, 2.83
117.38, 2.83
118.36, 2.84
118.60, 2.84
119.00, 2.84
119.37, 2.84
119.70, 2.84
119.96, 2.84
120.34, 2.84
121.56, 2.86
121.84, 2.86
122.27, 2.86
122.51, 2.86
122.85, 2.86
123.12, 2.86
123.56, 2.86
123.79, 2.86
125.02, 2.87
125.29, 2.87
125.52, 2.87
125.77, 2.87
126.07, 2.87
126.27, 2.87
126.56, 2.87
128.11, 2.88
128.35, 2.88
128.75, 2.88
129.06, 2.88
129.35, 2.88
129.63, 2.88
130.04, 2.88
130.30, 2.88
131.96, 2.89
132.24, 2.89
132.61, 2.89
132.91, 2.89
133.34, 2.89
133.62, 2.89
134.13, 2.89
134.46, 2.89
136.50, 2.90
136.89, 2.90
137.24, 2.90
137.66, 2.90
137.96, 2.90
138.41, 2.90
138.72, 2.90
139.12, 2.90
139.45, 2.90
141.90, 2.91
142.36, 2.91
142.73, 2.91
143.15, 2.91
143.52, 2.91
143.98, 2.91
144.29, 2.91
144.78, 2.91
145.26, 2.91
145.76, 2.91
148.46, 2.92
148.85, 2.92
149.14, 2.92
149.65, 2.92
150.03, 2.92
150.47, 2.92
150.83, 2.92
151.32, 2.92
151.63, 2.92
152.05, 2.92
152.36, 2.92
152.81, 2.92
154.31, 2.93
154.93, 2.93
155.27, 2.93
155.71, 2.93
156.05, 2.93
156.49, 2.93
156.83, 2.93
157.37, 2.93
157.75, 2.93
158.20, 2.93
158.59, 2.93
159.15, 2.93
159.48, 2.93
160.19, 2.93
160.71, 2.94
161.16, 2.94
164.51, 2.96
164.91, 2.96
165.52, 2.96
166.07, 2.96
166.61, 2.96
167.04, 2.96
167.58, 2.96
167.97, 2.96
168.56, 2.96
169.04, 2.96
169.61, 2.96
170.13, 2.96
170.69, 2.96
171.12, 2.96
171.74, 2.96
172.31, 2.96
172.86, 2.96
173.34, 2.96
173.92, 2.96
174.33, 2.96
174.89, 2.96
179.69, 2.97
180.30, 2.97
180.73, 2.97
181.35, 2.97
181.79, 2.97
182.32, 2.97
182.76, 2.97
183.39, 2.97
183.78, 2.97
184.20, 2.97
184.82, 2.98
185.14, 2.98
185.33, 2.98
185.89, 2.99
186.04, 2.99
186.17, 2.99
186.25, 3.00
186.26, 3.00
186.18, 3.00
186.01, 3.01
185.90, 3.01
185.83, 3.01
185.47, 3.02
185.39, 3.02
185.23, 3.02
184.94, 3.03
184.87, 3.03
184.59, 3.03
184.42, 3.04
184.22, 3.04
184.05, 3.04
183.80, 3.06
183.65, 3.06
183.50, 3.06
183.26, 3.07
183.13, 3.07
183.07, 3.07
182.90, 3.08
182.79, 3.08
182.66, 3.08
182.52, 3.09
182.44, 3.09
182.38, 3.09
182.35, 3.10
182.27, 3.10
182.22, 3.10
182.11, 3.11
181.89, 3.11
181.78, 3.11
181.74, 3.12
181.67, 3.12
181.65, 3.12
181.61, 3.13
181.56, 3.13
181.54, 3.13
181.43, 3.14
181.40, 3.14
181.14, 3.16
180.99, 3.16
180.85, 3.16
180.71, 3.17
180.63, 3.17
180.46, 3.17
180.40, 3.18
180.24, 3.18
180.15, 3.18
180.04, 3.19
179.93, 3.19
179.87, 3.19
179.72, 3.20
179.61, 3.20
179.49, 3.20
179.31, 3.21
179.15, 3.21
179.02, 3.21
178.95, 3.22
178.77, 3.22
178.55, 3.22
178.32, 3.23
178.07, 3.23
178.01, 3.23
177.72, 3.24
177.63, 3.24
177.55, 3.24
177.30, 3.26
177.20, 3.26
176.96, 3.26
176.79, 3.27
176.69, 3.27
176.56, 3.27
176.40, 3.28
176.24, 3.28
176.16, 3.28
175.96, 3.29
175.75, 3.29
175.54, 3.29
175.32, 3.30
175.26, 3.30
175.18, 3.30
175.03, 3.31
174.96, 3.31
174.84, 3.31
174.72, 3.32
174.62, 3.32
174.60, 3.33
174.63, 3.33
174.71, 3.33
174.76, 3.33
174.93, 3.34
175.03, 3.34
175.16, 3.34
175.39, 3.36
175.51, 3.36
175.65, 3.36
175.87, 3.37
175.97, 3.37
176.13, 3.38
176.17, 3.38
176.21, 3.38
176.16, 3.39
176.15, 3.39
176.15, 3.39
176.16, 3.40
176.11, 3.40
176.13, 3.41
176.04, 3.41
175.98, 3.41
175.85, 3.42
175.79, 3.42
175.56, 3.42
175.41, 3.43
175.25, 3.43
175.11, 3.43
175.00, 3.44
174.81, 3.44
174.71, 3.44
174.49, 3.46
174.40, 3.46
174.28, 3.46
174.18, 3.47
174.16, 3.47
174.16, 3.47
174.18, 3.48
174.24, 3.48
174.25, 3.48
174.34, 3.49
174.36, 3.49
174.44, 3.49
174.63, 3.50
174.72, 3.50
174.79, 3.50
174.95, 3.51
175.06, 3.51
175.16, 3.51
175.43, 3.52
175.58, 3.52
175.66, 3.52
175.84, 3.53
175.86, 3.53
175.84, 3.53
175.78, 3.54
175.70, 3.54
175.67, 3.54
175.55, 3.56
175.47, 3.56
175.42, 3.56
175.35, 3.57
175.27, 3.57
175.27, 3.57
175.14, 3.58
175.11, 3.58
174.94, 3.59
174.95, 3.59
174.88, 3.59
174.82, 3.60
174.86, 3.60
174.94, 3.60
175.16, 3.61
175.23, 3.61
175.25, 3.61
175.30, 3.62
175.35, 3.62
175.43, 3.62
175.72, 3.63
175.82, 3.63
175.91, 3.63
175.93, 3.64
175.92, 3.64
175.89, 3.64
175.82, 3.64
175.75, 3.64
175.67, 3.64
175.52, 3.66
175.41, 3.66
175.29, 3.66
175.08, 3.67
174.95, 3.67
174.92, 3.67
174.74, 3.68
174.74, 3.68
174.71, 3.68
174.62, 3.69
174.66, 3.69
174.60, 3.69
174.73, 3.70
174.72, 3.70
174.70, 3.70
174.78, 3.71
174.79, 3.71
174.86, 3.71
174.90, 3.72
175.00, 3.72
175.15, 3.72
175.46, 3.73
175.51, 3.73
175.64, 3.73
175.95, 3.74
176.11, 3.74
176.17, 3.74
176.36, 3.74
176.59, 3.76
176.83, 3.76
177.02, 3.76
177.46, 3.77
177.60, 3.77
177.69, 3.77
177.72, 3.77
177.98, 3.78
178.12, 3.78
178.27, 3.78
178.79, 3.79
178.93, 3.79
179.12, 3.79
179.26, 3.79
179.77, 3.80
179.97, 3.80
180.11, 3.80
180.25, 3.80
180.71, 3.81
180.90, 3.81
181.11, 3.81
181.30, 3.81
181.71, 3.82
181.78, 3.82
182.03, 3.82
182.17, 3.82
182.42, 3.82
182.76, 3.83
182.94, 3.83
183.09, 3.83
183.31, 3.83
183.94, 3.84
184.14, 3.84
184.33, 3.84
184.51, 3.84
185.25, 3.86
185.41, 3.86
185.54, 3.86
185.78, 3.86
185.98, 3.86
186.51, 3.87
186.75, 3.87
186.92, 3.87
187.16, 3.87
187.36, 3.87
187.65, 3.88
187.84, 3.88
187.95, 3.88
188.10, 3.88
188.23, 3.88
188.84, 3.89
189.04, 3.89
189.26, 3.89
189.47, 3.89
189.70, 3.89
190.21, 3.90
190.45, 3.90
190.66, 3.90
190.90, 3.90
191.08, 3.90
191.67, 3.91
191.98, 3.91
192.18, 3.91
192.48, 3.91
192.73, 3.91
192.99, 3.91
193.60, 3.92
193.78, 3.92
194.10, 3.92
194.31, 3.92
194.62, 3.92
195.77, 3.93
196.10, 3.93
196.35, 3.93
196.68, 3.93
196.94, 3.93
197.24, 3.93
198.13, 3.94
198.43, 3.94
198.67, 3.94
199.03, 3.94
199.35, 3.94
199.70, 3.94
200.81, 3.96
201.13, 3.96
201.37, 3.96
201.71, 3.96
201.97, 3.96
202.33, 3.96
203.55, 3.97
203.88, 3.97
204.15, 3.97
204.55, 3.97
204.85, 3.97
205.24, 3.97
206.69, 3.98
207.07, 3.98
207.47, 3.98
207.95, 3.98
208.25, 3.98
208.71, 3.98
209.07, 3.98
210.47, 3.99
210.93, 3.99
211.29, 3.99
211.80, 3.99
212.20, 3.99
212.63, 3.99
212.92, 3.99
213.39, 3.99
213.68, 3.99
214.96, 4.00
215.35, 4.00
215.68, 4.00
216.09, 4.00
216.46, 4.00
216.93, 4.00
217.23, 4.00
217.65, 4.00
217.98, 4.00
218.40, 4.00
219.58, 4.01
220.05, 4.01
220.37, 4.01
220.87, 4.01
221.41, 4.01
221.73, 4.01
222.25, 4.01
222.63, 4.01
223.12, 4.01
223.51, 4.01
224.00, 4.01
224.35, 4.01
227.22, 4.02
227.60, 4.02
228.11, 4.02
228.53, 4.02
229.02, 4.02
229.42, 4.02
229.94, 4.02
230.31, 4.02
230.82, 4.02
231.21, 4.02
231.68, 4.02
235.69, 4.03
236.22, 4.03
236.64, 4.03
237.11, 4.03
237.51, 4.03
238.06, 4.03
238.44, 4.03
238.96, 4.03
239.31, 4.03
239.86, 4.03
240.37, 4.03
240.77, 4.03
244.75, 4.04
245.17, 4.04
245.74, 4.04
246.12, 4.04
246.71, 4.04
247.08, 4.04
247.58, 4.04
247.96, 4.04
248.62, 4.04
249.02, 4.04
249.47, 4.04
249.90, 4.04
250.43, 4.04
250.83, 4.04
251.41, 4.04
251.86, 4.04
252.40, 4.04
252.83, 4.04
253.40, 4.04
253.80, 4.04
254.55, 4.04
254.99, 4.04
255.56, 4.04
256.01, 4.04
258.17, 4.06
258.77, 4.06
259.22, 4.06
259.84, 4.06
260.27, 4.06
260.99, 4.06
261.47, 4.06
262.07, 4.06
262.54, 4.06
263.19, 4.06
263.66, 4.06
264.24, 4.06
264.66, 4.06
265.23, 4.06
265.84, 4.06
266.30, 4.06
266.89, 4.06
267.46, 4.06
268.00, 4.06
269.47, 4.07
269.92, 4.07
270.19, 4.07
270.92, 4.08
271.20, 4.08
271.33, 4.08
271.60, 4.08
271.79, 4.09
271.81, 4.09
271.81, 4.09
271.80, 4.10
271.78, 4.10
271.73, 4.10
271.40, 4.11
271.17, 4.11
271.02, 4.11
270.72, 4.12
270.59, 4.12
270.38, 4.12
270.16, 4.13
269.98, 4.13
269.83, 4.13
269.61, 4.14
269.41, 4.14
269.16, 4.14
269.04, 4.16
268.92, 4.16
268.76, 4.16
268.57, 4.17
268.41, 4.17
268.31, 4.17
268.09, 4.18
267.95, 4.18
267.82, 4.18
267.60, 4.19
267.43, 4.19
267.36, 4.19
267.18, 4.20
267.08, 4.20
267.03, 4.20
266.86, 4.21
266.69, 4.21
266.59, 4.21
266.48, 4.21
266.36, 4.21
266.27, 4.21
266.10, 4.22
266.07, 4.22
266.06, 4.22
265.86, 4.23
265.81, 4.23
265.50, 4.24
265.41, 4.24
265.05, 4.26
264.89, 4.26
264.76, 4.26
264.53, 4.27
264.58, 4.27
264.55, 4.27
264.42, 4.28
264.41, 4.28
264.40, 4.28
264.33, 4.29
264.29, 4.29
264.18, 4.29
264.28, 4.30
264.29, 4.30
264.31, 4.30
264.40, 4.31
264.45, 4.31
264.52, 4.31
264.63, 4.32
264.70, 4.32
264.83, 4.32
265.07, 4.33
265.16, 4.33
265.24, 4.33
265.39, 4.34
265.46, 4.34
265.49, 4.34
265.50, 4.36
265.45, 4.36
265.43, 4.36
265.36, 4.37
265.23, 4.37
265.18, 4.37
265.00, 4.38
264.91, 4.38
264.84, 4.38
264.85, 4.39
264.82, 4.39
264.83, 4.39
265.01, 4.40
265.06, 4.40
265.11, 4.40
265.16, 4.41
265.26, 4.41
265.37, 4.41
265.60, 4.42
265.58, 4.42
265.64, 4.42
265.71, 4.43
265.79, 4.43
265.80, 4.43
265.86, 4.44
265.89, 4.44
265.91, 4.44
265.94, 4.46
265.88, 4.46
265.80, 4.47
265.73, 4.47
265.64, 4.47
265.52, 4.48
265.42, 4.48
265.30, 4.48
265.14, 4.49
264.98, 4.49
264.98, 4.49
264.78, 4.50
264.74, 4.50
264.71, 4.50
264.59, 4.51
264.61, 4.51
264.57, 4.51
264.58, 4.52
264.58, 4.52
264.49, 4.52
264.57, 4.53
264.50, 4.53
264.51, 4.53
264.56, 4.54
264.59, 4.54
264.71, 4.54
264.86, 4.56
265.00, 4.56
265.09, 4.56
265.34, 4.57
265.45, 4.57
265.45, 4.57
265.56, 4.58
265.57, 4.58
265.52, 4.58
265.50, 4.59
265.41, 4.59
265.38, 4.59
265.28, 4.60
265.23, 4.60
265.18, 4.60
265.04, 4.61
265.00, 4.61
264.95, 4.61
264.93, 4.62
264.92, 4.62
264.92, 4.62
264.90, 4.63
264.93, 4.63
264.92, 4.63
265.02, 4.64
265.00, 4.64
265.01, 4.64
265.12, 4.66
265.16, 4.66
265.22, 4.66
265.44, 4.67
265.54, 4.67
265.64, 4.67
265.82, 4.68
265.88, 4.68
266.01, 4.68
266.14, 4.69
266.19, 4.69
266.26, 4.69
266.26, 4.69
266.23, 4.69
266.11, 4.70
266.12, 4.70
266.20, 4.70
266.05, 4.71
266.06, 4.71
266.01, 4.71
265.97, 4.72
265.89, 4.72
265.85, 4.72
265.61, 4.73
265.55, 4.73
265.33, 4.74
265.21, 4.74
264.99, 4.74
264.75, 4.76
264.65, 4.76
264.51, 4.76
264.37, 4.77
264.29, 4.77
264.22, 4.77
264.16, 4.78
264.20, 4.78
264.16, 4.78
264.22, 4.79
264.26, 4.79
264.31, 4.79
264.55, 4.80
264.63, 4.80
264.70, 4.80
264.93, 4.81
265.01, 4.81
265.17, 4.81
265.34, 4.82
265.45, 4.82
265.59, 4.82
265.67, 4.83
265.87, 4.83
265.91, 4.83
265.94, 4.84
265.94, 4.84
265.96, 4.84
265.91, 4.86
265.87, 4.86
265.81, 4.86
265.71, 4.87
265.66, 4.87
265.58, 4.87
265.54, 4.88
265.49, 4.88
265.44, 4.88
265.42, 4.89
265.33, 4.89
265.31, 4.89
265.21, 4.90
265.10, 4.90
264.86, 4.91
264.81, 4.91
264.75, 4.91
264.58, 4.92
264.51, 4.92
264.47, 4.92
264.36, 4.93
264.37, 4.93
264.35, 4.93
264.44, 4.94
264.51, 4.94
264.55, 4.94
264.82, 4.96
264.91, 4.96
264.97, 4.96
265.08, 4.97
265.21, 4.97
265.36, 4.97
265.76, 4.98
265.78, 4.98
265.87, 4.98
265.91, 4.99
265.91, 4.99
265.96, 4.99
265.93, 5.00
265.90, 5.00
265.84, 5.00
265.69, 5.01
265.58, 5.01
265.46, 5.01
265.33, 5.02
265.28, 5.02
265.26, 5.02
265.19, 5.03
265.23, 5.03
265.27, 5.03
265.37, 5.04
265.45, 5.04
265.52, 5.04
265.75, 5.06
265.90, 5.06
266.00, 5.06
266.49, 5.07
266.61, 5.07
266.62, 5.07
266.72, 5.07
266.97, 5.08
267.04, 5.08
267.20, 5.08
267.35, 5.08
267.59, 5.09
267.81, 5.09
267.92, 5.09
268.13, 5.09
268.40, 5.10
268.55, 5.10
268.70, 5.10
268.79, 5.10
269.15, 5.11
269.35, 5.11
269.54, 5.11
269.72, 5.11
269.82, 5.11
270.32, 5.12
270.48, 5.12
270.69, 5.12
270.90, 5.12
271.20, 5.12
271.58, 5.13
271.77, 5.13
272.02, 5.13
272.28, 5.13
272.96, 5.14
273.13, 5.14
273.30, 5.14
273.47, 5.14
273.58, 5.14
274.03, 5.16
274.19, 5.16
274.42, 5.16
274.58, 5.16
274.76, 5.16
275.30, 5.17
275.39, 5.17
275.58, 5.17
275.73, 5.17
275.88, 5.17
276.30, 5.18
276.59, 5.18
276.76, 5.18
276.94, 5.18
277.09, 5.18
277.51, 5.19
277.63, 5.19
277.75, 5.19
277.78, 5.19
277.77, 5.19
277.94, 5.20
278.01, 5.20
278.10, 5.20
278.17, 5.20
278.38, 5.20
278.59, 5.21
278.65, 5.21
278.75, 5.21
278.91, 5.21
279.12, 5.21
279.32, 5.21
279.73, 5.22
279.86, 5.22
279.93, 5.22
280.07, 5.22
280.23, 5.22
280.36, 5.22
280.77, 5.23
281.00, 5.23
281.20, 5.23
281.44, 5.23
281.63, 5.23
281.83, 5.23
282.50, 5.24
282.81, 5.24
283.01, 5.24
283.26, 5.24
283.50, 5.24
283.77, 5.24
284.00, 5.24
284.76, 5.26
285.01, 5.26
285.16, 5.26
285.42, 5.26
285.63, 5.26
285.94, 5.26
286.13, 5.26
286.53, 5.26
287.17, 5.27
287.44, 5.27
287.67, 5.27
288.01, 5.27
288.19, 5.27
288.48, 5.27
288.69, 5.27
288.95, 5.27
289.98, 5.28
290.27, 5.28
290.54, 5.28
290.71, 5.28
290.96, 5.28
291.13, 5.28
291.37, 5.28
291.58, 5.28
292.60, 5.29
292.86, 5.29
293.15, 5.29
293.34, 5.29
293.63, 5.29
293.83, 5.29
294.15, 5.29
294.36, 5.29
294.60, 5.29
296.14, 5.30
296.32, 5.30
296.58, 5.30
296.76, 5.30
297.02, 5.30
297.19, 5.30
297.39, 5.30
297.54, 5.30
297.86, 5.30
298.95, 5.31
299.20, 5.31
299.46, 5.31
299.68, 5.31
300.01, 5.31
300.23, 5.31
300.48, 5.31
300.80, 5.31
301.09, 5.31
301.36, 5.31
303.06, 5.32
303.31, 5.32
303.66, 5.32
303.97, 5.32
304.25, 5.32
304.50, 5.32
304.80, 5.32
305.02, 5.32
305.34, 5.32
305.57, 5.32
305.90, 5.32
307.41, 5.33
307.76, 5.33
308.00, 5.33
308.33, 5.33
308.67, 5.33
308.89, 5.33
309.17, 5.33
309.41, 5.33
309.74, 5.33
309.99, 5.33
310.30, 5.33
312.12, 5.34
312.34, 5.34
312.69, 5.34
312.84, 5.34
313.12, 5.34
313.33, 5.34
313.75, 5.34
314.00, 5.34
314.30, 5.34
314.54, 5.34
314.86, 5.34
315.17, 5.34
315.41, 5.34
315.73, 5.34
317.58, 5.36
317.83, 5.36
318.15, 5.36
318.38, 5.36
318.71, 5.36
318.93, 5.36
319.20, 5.36
319.43, 5.36
319.74, 5.36
320.08, 5.36
320.33, 5.36
320.74, 5.36
320.98, 5.36
321.34, 5.36
323.59, 5.37
323.93, 5.37
324.30, 5.37
324.60, 5.37
324.83, 5.37
325.13, 5.37
325.36, 5.37
325.67, 5.37
325.96, 5.37
326.21, 5.37
326.52, 5.37
326.74, 5.37
327.08, 5.37
327.33, 5.37
329.57, 5.38
329.82, 5.38
330.16, 5.38
330.41, 5.38
330.75, 5.38
331.08, 5.38
331.43, 5.38
331.69, 5.38
332.00, 5.38
332.26, 5.38
332.55, 5.38
332.85, 5.38
333.09, 5.38
333.43, 5.38
333.66, 5.38
333.99, 5.38
336.79, 5.39
337.07, 5.39
337.43, 5.39
337.68, 5.39
338.02, 5.39
338.35, 5.39
338.70, 5.39
338.98, 5.39
339.33, 5.39
339.60, 5.39
339.95, 5.39
340.23, 5.39
340.60, 5.39
340.88, 5.39
341.25, 5.39
341.51, 5.39
341.88, 5.39
342.27, 5.39
344.69, 5.40
345.04, 5.40
345.32, 5.40
345.69, 5.40
346.07, 5.40
346.42, 5.40
346.68, 5.40
347.05, 5.40
347.31, 5.40
347.64, 5.40
347.90, 5.40
348.25, 5.40
348.52, 5.40
348.85, 5.40
349.08, 5.40
349.39, 5.40
349.73, 5.40
350.06, 5.40
351.84, 5.41
352.11, 5.41
352.31, 5.41
352.59, 5.41
352.86, 5.41
353.09, 5.41
353.22, 5.41
353.39, 5.41
353.51, 5.41
353.62, 5.41
353.77, 5.41
353.90, 5.41
354.07, 5.41
354.17, 5.41
354.25, 5.41
354.69, 5.42
354.73, 5.42
354.80, 5.42
354.83, 5.42
354.83, 5.42
354.84, 5.42
354.86, 5.42
354.87, 5.42
354.86, 5.42
354.85, 5.42
354.82, 5.42
354.78, 5.42
354.74, 5.42
354.68, 5.42
354.66, 5.42
354.63, 5.42
354.40, 5.43
354.38, 5.43
354.36, 5.43
354.35, 5.43
354.34, 5.43
354.33, 5.43
354.32, 5.43
354.30, 5.43
354.29, 5.43
354.27, 5.43
354.26, 5.43
354.26, 5.43
354.26, 5.43
354.28, 5.43
354.29, 5.43
354.31, 5.43
354.33, 5.43
354.34, 5.43
354.35, 5.43
354.35, 5.43
354.34, 5.43
354.33, 5.43
354.32, 5.43
354.30, 5.43
354.29, 5.43
354.28, 5.43
354.27, 5.43
354.27, 5.43
354.27, 5.43
354.27, 5.43
354.28, 5.43
354.28, 5.43
354.29, 5.43
354.30, 5.43
354.30, 5.43
354.30, 5.43
354.30, 5.43
354.30, 5.43
354.30, 5.43
354.30, 5.43
354.30, 5.43
354.30, 5.43
354.29, 5.43
354.29, 5.43
354.29, 5.43
354.28, 5.43
354.28, 5.43
354.28, 5.43
354.28, 5.43
354.28, 5.43
354.28, 5.43
354.29, 5.43
354.29, 5.43
354.29, 5.43
354.29, 5.43
354.29, 5.43
354.28, 5.43
354.28, 5.43
354.28, 5.43
354.28, 5.43
354.27, 5.43
354.27, 5.43
354.27, 5.43
354.27, 5.43
354.27, 5.43
354.27, 5.43
354.27, 5.43
354.28, 5.43
354.28, 5.43
354.28, 5.43
354.28, 5.43
354.28, 5.43
354.28, 5.43
354.28, 5.43
354.28, 5.43
354.28, 5.43
354.28, 5.43
354.28, 5.43
354.28, 5.43
354.28, 5.43
354.28, 5.43
354.28, 5.43
354.28, 5.43
354.28, 5.43
354.28, 5.43
354.28, 5.43
354.28, 5.43
354.28, 5.43
354.28, 5.43
354.28, 5.43
354.28, 5.43
354.28, 5.43
354.28, 5.43
354.28, 5.43
354.29, 5.43
354.29, 5.43
354.29, 5.43
354.29, 5.43
354.29, 5.43
354.29, 5.43
354.29, 5.43
354.29, 5.43
354.29, 5.43
354.29, 5.43
354.29, 5.43
354.29, 5.43
354.29, 5.43
354.29, 5.43
354.29, 5.43
354.29, 5.43
354.29, 5.43
354.29, 5.43
354.29, 5.43
354.29, 5.43
354.29, 5.43
354.29, 5.43
354.29, 5.43
354.29, 5.43
354.29, 5.43
354.29, 5.43
354.29, 5.43
354.29, 5.43
354.29, 5.43
354.29, 5.43
354.29, 5.43
354.29, 5.43
354.29, 5.43
354.29, 5.43
354.29, 5.43
354.29, 5.43
354.29, 5.43
354.29, 5.43
354.29, 5.43
354.29, 5.43
354.29, 5.43
354.29, 5.43
354.29, 5.43
354.29, 5.43
354.29, 5.43
354.29, 5.43
354.29, 5.43
354.29, 5.43
354.29, 5.43
354.29, 5.43
354.29, 5.43
354.29, 5.43
354.29, 5.43
354.29, 5.43
354.29, 5.43
354.29, 5.43
354.29, 5.43
354.29, 5.43
354.29, 5.43
354.29, 5.43
354.29, 5.43
354.29, 5.43
354.29, 5.43
354.29, 5.43
354.29, 5.43
354.29, 5.43
354.29, 5.43
354.29, 5.43
354.29, 5.43
354.29, 5.43
354.29, 5.43
354.29, 5.43
354.29, 5.43
354.29, 5.43
354.29, 5.43
354.28, 5.43
354.28, 5.43
354.28, 5.43
354.28, 5.43
354.28, 5.43
354.28, 5.43
354.28, 5.43
354.28, 5.43
354.28, 5.43
354.28, 5.43
354.28, 5.43
354.28, 5.43
354.28, 5.43
354.28, 5.43
354.28, 5.43
354.28, 5.43
354.28, 5.43
354.28, 5.43
354.28, 5.43
354.28, 5.43
354.28, 5.43
354.28, 5.43
354.28, 5.43
354.28, 5.43
354.28, 5.43
354.28, 5.43
354.28, 5.43
354.28, 5.43
354.28, 5.43
354.27, 5.43
354.27, 5.43
354.27, 5.43
354.27, 5.43
354.27, 5.43
354.27, 5.43
354.28, 5.43
354.28, 5.43
354.28, 5.43
354.28, 5.43
